282.896 1.1329
282.814 1.54993
282.729 1.96644
282.65 2.3825
282.569 2.79806
282.485 3.2131
282.398 3.6276
282.325 4.04192
282.25 4.45579
282.18 4.8694
282.172 5.28465
282.185 5.7007
282.204 6.11713
282.236 6.53434
282.313 6.95391
282.396 7.37435
282.469 7.79489
282.554 8.21676
282.63 8.6387
282.71 9.06159
282.788 9.48499
282.864 9.90888
282.786 10.3226
282.657 10.7324
282.526 11.1413
282.401 11.5501
282.273 11.958
282.151 12.3659
282.018 12.7723
281.891 13.1786
281.769 13.5848
281.645 13.9903
281.519 14.3951
281.39 14.799
281.267 15.203
281.142 15.6063
281.014 16.0087
280.891 16.4113
280.766 16.8132
280.639 17.2142
280.518 17.6155
280.386 18.015
280.267 18.4158
280.138 18.8148
280.015 19.2141
279.89 19.6126
279.769 20.0115
279.647 20.4097
279.522 20.8071
279.395 21.2037
279.273 21.6008
279.149 21.9971
279.03 22.394
278.94 22.7954
278.91 23.2069
278.878 23.6183
278.843 24.0295
278.805 24.4404
278.772 24.8525
278.559 25.2309
278.244 25.5887
277.926 25.9446
277.614 26.3001
277.3 26.6536
276.992 27.0068
276.713 27.3646
276.432 27.7206
276.149 28.075
275.871 28.4292
275.6 28.7835
275.319 29.1344
275.043 29.4853
274.705 29.8205
274.357 30.1519
274.007 30.4811
273.664 30.8101
273.318 31.1369
272.972 31.4617
272.63 31.7863
272.288 32.1089
271.943 32.4293
271.605 32.7497
271.272 33.07
270.93 33.3863
270.594 33.7025
270.264 34.0188
269.932 34.3331
269.599 34.6454
269.271 34.9578
268.942 35.2683
268.611 35.5768
268.286 35.8855
267.959 36.1922
267.639 36.4992
267.316 36.8042
266.992 37.1074
266.674 37.4108
266.354 37.7124
266.032 38.0121
265.717 38.3121
265.399 38.6103
265.088 38.909
264.774 39.2058
264.46 39.5008
264.143 39.7938
263.833 40.0875
263.528 40.3818
263.214 40.6717
262.906 40.9623
262.603 41.2536
262.299 41.5431
261.993 41.8308
261.686 42.1166
261.385 42.4032
261.081 42.6881
260.784 42.9738
260.477 43.255
260.184 43.5398
259.881 43.8201
259.585 44.1013
259.286 44.3808
258.993 44.6613
258.699 44.94
258.403 45.2169
258.112 45.4949
257.82 45.7712
257.527 46.0457
257.238 46.3213
256.948 46.5952
256.657 46.8674
256.371 47.1407
256.083 47.4123
255.794 47.6822
255.51 47.9533
255.225 48.2227
254.937 48.4904
254.656 48.7594
254.372 49.0267
254.087 49.2923
253.807 49.5592
253.526 49.8245
253.19 50.0629
252.748 50.2489
252.312 50.4356
251.875 50.6197
251.444 50.8046
251.013 50.987
250.587 51.1702
250.161 51.351
249.695 51.5098
249.21 51.6561
248.724 51.7997
248.238 51.9406
247.765 52.0854
247.285 52.2243
246.811 52.3638
246.344 52.5041
245.876 52.6418
245.414 52.7803
244.952 52.9162
244.496 53.053
244.04 53.1873
243.589 53.3224
243.139 53.4551
242.694 53.5888
242.249 53.72
241.81 53.8522
241.37 53.982
240.937 54.1129
240.503 54.2414
240.069 54.3674
239.64 54.4947
239.218 54.6231
238.795 54.7492
238.371 54.873
237.954 54.998
237.536 55.1207
237.124 55.2448
236.711 55.3665
236.304 55.4896
235.902 55.6142
235.512 55.7439
235.121 55.8714
234.736 56.0004
234.35 56.1273
233.964 56.252
233.583 56.3782
233.202 56.5023
232.825 56.628
232.449 56.7516
232.072 56.8731
231.7 56.9962
231.327 57.1172
230.96 57.24
230.592 57.3606
230.23 57.483
229.861 57.5994
229.503 57.7215
229.139 57.8377
228.78 57.9556
228.426 58.0754
228.065 58.1892
227.716 58.3088
227.36 58.4225
227.009 58.538
226.663 58.6554
226.311 58.7669
225.964 58.8803
225.621 58.9956
225.278 59.1089
224.924 59.2122
224.524 59.2776
224.129 59.3447
223.734 59.4097
223.339 59.4725
222.949 59.5371
222.559 59.5997
222.174 59.6641
221.788 59.7264
221.408 59.7907
221.028 59.8528
220.652 59.9169
220.277 59.9789
219.872 60.0143
219.458 60.0394
219.05 60.0665
218.641 60.0914
218.233 60.1141
217.83 60.1388
217.432 60.1654
217.034 60.1899
216.636 60.2124
216.243 60.2368
215.851 60.2592
215.464 60.2836
215.076 60.3059
214.694 60.3303
214.311 60.3527
213.934 60.3771
213.557 60.3995
213.184 60.424
212.811 60.4466
212.439 60.467
212.071 60.4897
211.704 60.5103
211.341 60.5331
210.978 60.5539
210.619 60.5769
210.261 60.598
209.907 60.6212
209.553 60.6425
209.199 60.6618
208.85 60.6833
208.505 60.7071
208.155 60.7247
207.814 60.7488
207.469 60.7667
207.133 60.7911
206.792 60.8094
206.455 60.83
206.118 60.8486
205.786 60.8695
205.457 60.8927
205.124 60.9097
204.795 60.9291
204.47 60.9508
204.146 60.9705
203.821 60.9884
203.5 61.0085
203.178 61.0267
202.861 61.0473
202.543 61.066
202.23 61.0869
201.916 61.106
201.602 61.1232
201.291 61.1427
200.981 61.1603
200.674 61.1802
200.367 61.1982
200.063 61.2185
199.631 61.0816
199.052 60.7624
198.594 60.5842
198.26 60.5554
197.926 60.5247
197.592 60.4923
197.27 60.4705
196.95 60.4512
196.631 60.43
196.316 60.4112
196.001 60.3906
195.689 60.3723
195.377 60.3523
195.069 60.3345
194.761 60.315
194.457 60.2979
194.152 60.2789
193.848 60.2581
193.547 60.2397
193.25 60.2236
192.952 60.2058
186.953 59.316
181.199 57.84
176.729 57.8971
171.789 56.1336
166.982 53.3735
163.355 53.139
159.889 53.0002
156.524 52.8676
153.228 52.7363
149.974 52.5301
143.769 50.1436
138.999 43.7697
135.424 37.7742
132.482 32.8397
128.354 30.7739
121.883 30.9263
113.573 31.1216
102.418 31.1843
88.2596 30.0423
67.8433 27.6852
27.8834 8.68047
