315.352 1.16535
315.373 1.68475
315.392 2.20427
315.495 2.72481
315.739 3.24795
315.98 3.77261
316.226 4.29894
316.468 4.82681
316.596 5.35326
316.664 5.87888
316.729 6.40491
316.799 6.93164
316.89 7.45972
316.97 7.98804
317.062 8.51757
317.144 9.0473
317.23 9.57794
317.257 10.1061
317.041 10.6206
316.831 11.1343
316.617 11.6466
316.409 12.1581
316.197 12.6684
315.982 13.1773
315.773 13.6855
315.568 14.193
315.361 14.6992
315.15 15.2041
314.945 15.7084
314.768 16.2144
314.803 16.7398
314.834 17.2653
314.862 17.791
314.895 18.3178
314.925 18.8447
314.959 19.3728
314.99 19.901
315.025 20.4303
315.058 20.9599
315.087 21.4897
315.121 22.0206
315.151 22.5518
315.186 23.0842
315.218 23.6168
315.246 24.1496
315.279 24.6838
315.262 25.2112
315.155 25.7256
315.053 26.2405
314.947 26.7548
314.847 27.2697
314.743 27.784
314.644 28.299
314.534 28.812
314.437 29.327
314.329 29.84
314.233 30.3551
314.126 30.8683
314.024 31.3822
313.918 31.8954
313.818 32.4095
313.714 32.923
313.615 33.4373
313.512 33.9511
313.406 34.4642
313.305 34.9782
313.201 35.4916
313.101 36.0059
312.998 36.5197
312.892 37.0328
312.79 37.547
312.762 38.0778
312.783 38.6208
312.801 39.1639
312.822 39.7088
312.84 40.2539
312.855 40.799
312.881 41.3478
312.896 41.8949
312.915 42.444
312.937 42.995
312.956 43.5461
312.979 44.0992
312.998 44.6524
313.013 45.2057
313.032 45.761
313.055 46.3185
313.074 46.8759
313.097 47.4356
313.116 47.9952
313.131 48.5549
313.157 49.119
313.172 49.6809
313.278 50.2717
313.498 50.8989
313.721 51.5295
313.947 52.1635
314.167 52.7988
314.398 53.4398
314.624 54.082
314.874 54.7348
315.133 55.3937
315.388 56.0539
315.652 56.7203
315.911 57.388
316.171 58.0594
316.442 58.7371
316.706 59.4162
316.88 60.0662
316.492 60.518
316.116 60.9725
315.73 61.4222
315.356 61.8747
314.972 62.3224
314.599 62.773
314.217 63.2186
313.84 63.6647
313.466 64.1111
313.091 64.5553
312.768 65.0192
312.568 65.5308
312.365 66.0411
312.165 66.5528
311.961 67.0631
311.762 67.5749
311.558 68.0854
311.352 68.5944
311.155 69.1078
310.948 69.617
310.765 70.1365
310.647 70.6841
310.531 71.2337
310.411 71.7824
310.294 72.333
310.173 72.8827
310.055 73.4344
309.94 73.9881
310.06 74.6514
310.182 75.3179
310.305 75.9877
310.429 76.6608
310.554 77.3371
310.681 78.0168
310.801 78.6967
310.93 79.383
311.019 80.0534
310.779 80.5629
310.534 81.0706
310.3 81.5831
310.055 82.0906
309.819 82.6029
309.573 83.1102
309.336 83.6223
309.096 84.1327
308.852 84.6414
308.61 85.1515
308.372 85.6633
308.129 86.1732
307.889 86.6848
307.745 87.2492
307.659 87.8465
307.569 88.4427
307.479 89.0412
307.391 89.642
307.206 90.1892
306.864 90.6474
306.531 91.1102
306.194 91.5707
305.854 92.0289
305.874 92.698
306.291 93.6054
306.73 94.5315
307.159 95.4587
307.598 96.3975
308.04 97.3445
308.485 98.2996
308.932 99.2628
309.176 100.106
308.769 100.546
308.359 100.983
307.951 101.421
307.541 101.856
307.133 102.292
306.728 102.729
306.319 103.163
305.913 103.598
305.51 104.034
305.104 104.467
304.7 104.901
304.293 105.332
303.888 105.764
303.486 106.197
303.08 106.628
302.677 107.059
302.276 107.491
301.872 107.92
301.47 108.35
301.07 108.781
300.667 109.209
300.267 109.639
299.819 110.033
299.124 110.245
298.433 110.457
297.741 110.665
297.054 110.872
296.371 111.08
295.692 111.288
295.018 111.496
294.343 111.7
293.672 111.904
293.001 112.104
292.339 112.308
291.676 112.508
291.017 112.709
290.362 112.909
289.707 113.106
289.055 113.303
288.408 113.5
287.764 113.698
287.12 113.892
286.48 114.085
285.843 114.279
285.211 114.474
284.577 114.664
283.948 114.855
283.322 115.047
282.695 115.234
282.077 115.426
281.457 115.614
280.842 115.802
280.225 115.987
279.612 116.172
279.002 116.357
278.396 116.543
277.789 116.725
277.185 116.908
276.585 117.09
275.988 117.274
275.39 117.453
274.466 117.325
273.16 116.831
266.278 113.144
265.561 113.156
264.849 113.167
264.138 113.175
263.436 113.188
262.734 113.197
262.038 113.206
261.35 113.22
260.663 113.23
259.976 113.236
259.298 113.247
258.624 113.259
257.952 113.267
257.287 113.28
256.623 113.289
255.964 113.298
255.309 113.309
254.658 113.319
254.007 113.327
253.365 113.339
252.723 113.347
252.085 113.356
251.452 113.366
250.72 113.262
249.885 113.037
249.06 112.818
248.239 112.594
232.709 103.726
232.157 103.7
231.626 103.695
231.098 103.691
230.574 103.688
230.049 103.682
229.528 103.678
229.01 103.674
228.496 103.671
227.982 103.665
227.474 103.664
226.966 103.66
226.458 103.652
225.956 103.65
225.455 103.645
224.953 103.636
224.409 103.567
211.085 97.3988
141.672 66.6833
134.064 62.9572
119.208 56.9662
103.359 50.6416
87.7749 40.4735
77.1695 35.259
63.9664 28.9445
46.8575 20.6691
16.8848 9.37223
