317.92 1.16792
317.901 1.69521
317.88 2.22238
317.863 2.74949
317.851 3.27659
317.827 3.80348
317.817 4.33053
317.812 4.85769
317.691 5.38188
317.543 5.90461
317.385 6.42616
317.327 6.95039
317.29 7.47518
317.249 7.99974
317.206 8.52404
317.167 9.04845
317.134 9.57303
317.081 10.0965
316.993 10.6178
316.91 11.1391
316.824 11.6598
316.735 12.18
316.651 12.7002
316.563 13.2199
316.473 13.739
316.387 14.2582
316.299 14.7769
316.215 15.2957
316.128 15.8139
316.038 16.3317
315.953 16.8496
315.865 17.367
315.781 17.8846
315.695 18.4018
315.605 18.9184
315.544 19.4379
315.559 19.9662
315.57 20.4945
315.586 21.0238
315.599 21.5533
315.617 22.0838
315.631 22.6145
315.642 23.1452
315.658 23.6771
315.67 24.2091
315.687 24.7422
315.567 25.256
315.327 25.7514
315.084 26.2453
314.838 26.7377
314.597 27.2299
314.361 27.7219
314.114 28.2111
313.88 28.7014
313.636 29.1889
313.396 29.6763
313.161 30.1636
312.924 30.6495
312.683 31.1339
312.448 31.6183
312.21 32.1012
311.969 32.5827
311.733 33.0643
311.502 33.5459
311.268 34.0261
311.031 34.5049
310.791 34.9823
310.556 35.4598
310.327 35.9375
310.094 36.4139
309.859 36.8888
309.628 37.364
309.395 37.8377
309.158 38.3101
308.927 38.7828
308.701 39.2559
308.464 39.7258
308.232 40.1961
308.004 40.6669
307.774 41.1362
307.541 41.6042
307.313 42.0727
307.082 42.5398
306.856 43.0075
306.634 43.4758
306.432 43.9489
306.227 44.4207
306.027 44.8933
305.824 45.3648
305.625 45.8371
305.416 46.3059
305.219 46.7779
305.012 47.2464
304.816 47.7181
304.61 48.1863
304.409 48.6555
304.205 49.1234
304.005 49.5923
303.788 50.0554
303.488 50.4912
303.185 50.9252
302.887 51.3598
302.579 51.7901
302.283 52.2234
301.984 52.6549
301.683 53.0845
301.38 53.5123
301.081 53.9408
300.787 54.37
300.49 54.7973
300.19 55.2229
299.846 55.631
299.428 56.011
299.008 56.3884
298.586 56.7634
298.17 57.1385
297.751 57.5111
297.337 57.884
296.921 58.2543
296.511 58.625
296.098 58.9931
295.69 59.3616
295.281 59.7277
294.821 60.0715
294.2 60.3474
293.586 60.6225
292.978 60.897
292.368 61.168
291.765 61.4384
291.167 61.7083
290.569 61.9747
289.976 62.2406
289.389 62.5062
288.801 62.7684
288.219 63.0302
287.637 63.2887
287.06 63.5469
286.488 63.8049
285.916 64.0596
285.35 64.3141
284.782 64.5654
284.227 64.8197
283.665 65.0677
283.108 65.3157
282.557 65.5636
282.011 65.8116
281.465 66.0565
280.917 66.2983
280.376 66.5402
279.839 66.7822
279.302 67.0212
278.77 67.2604
278.244 67.4999
277.717 67.7364
277.189 67.9699
276.667 68.2037
276.15 68.4379
275.632 68.6692
275.113 68.8974
274.487 69.0647
273.829 69.2113
273.178 69.3578
272.552 69.5145
271.932 69.6713
271.318 69.8281
270.703 69.9816
269.973 70.0649
269.237 70.1408
268.508 70.2164
267.78 70.2881
267.065 70.363
266.35 70.4342
265.642 70.5052
264.947 70.5797
264.252 70.6505
263.558 70.7176
262.877 70.7884
262.202 70.8592
261.528 70.9265
260.861 70.9939
260.199 71.0615
259.545 71.1294
258.891 71.1938
258.243 71.2584
257.602 71.3235
256.967 71.3889
256.338 71.4547
255.71 71.5172
255.088 71.5802
254.472 71.6438
253.862 71.7079
253.253 71.7688
252.65 71.8304
252.053 71.8926
251.457 71.9517
250.866 72.0115
250.282 72.072
249.589 72.0521
248.801 71.9587
248.02 71.8655
247.252 71.7763
246.491 71.6874
245.754 71.6106
245.077 71.5734
244.407 71.5369
243.743 71.5011
243.087 71.4659
242.436 71.4316
241.793 71.398
241.151 71.3612
240.515 71.3253
239.891 71.2943
239.268 71.2603
238.647 71.2232
238.037 71.1911
237.433 71.16
236.831 71.126
236.235 71.0931
235.645 71.0614
235.061 71.0308
234.478 70.9973
233.901 70.9651
233.331 70.9341
232.766 70.9044
232.207 70.876
231.65 70.8449
231.098 70.8151
230.547 70.7827
230.007 70.7557
229.468 70.7261
228.934 70.698
228.402 70.6672
227.875 70.6379
227.354 70.6102
226.833 70.5799
226.323 70.5553
225.809 70.5241
225.305 70.4986
224.587 70.2712
224.011 70.1699
223.52 70.145
223.03 70.1176
222.545 70.092
222.065 70.0681
221.587 70.0418
221.113 70.0173
220.627 69.9779
220.104 69.8984
219.582 69.8165
219.066 69.7363
218.551 69.6538
218.046 69.5773
217.542 69.4984
217.043 69.4214
216.546 69.342
216.058 69.2687
215.568 69.189
215.087 69.1153
214.606 69.0394
214.132 68.9655
213.662 68.8935
213.197 68.8235
212.733 68.7512
212.271 68.6768
211.817 68.6086
211.361 68.5341
210.913 68.4658
210.466 68.3953
210.024 68.3269
209.587 68.2606
209.151 68.1922
208.719 68.1259
208.289 68.0574
207.863 67.9911
207.441 67.927
207.021 67.8607
206.605 67.7966
206.189 67.7305
205.786 67.6749
205.428 67.6719
205.078 67.6752
204.727 67.6764
204.377 67.6756
204.03 67.6769
203.684 67.6761
203.34 67.6774
202.997 67.6767
202.658 67.6781
202.318 67.6774
201.981 67.6788
201.645 67.6782
201.312 67.6796
200.979 67.679
200.649 67.6805
200.319 67.68
199.986 67.6732
199.523 67.4898
198.906 67.0929
198.375 66.8067
197.853 66.5273
197.338 66.2505
189.396 63.1714
183.998 62.9384
178.995 62.719
165.122 60.037
160.86 58.1039
156.998 56.64
153.464 56.5201
149.972 56.3126
143.714 50.5738
137.295 50.3963
130.496 50.2079
127.265 42.3208
123.913 36.8828
119.357 33.6148
110.256 33.8647
97.9984 33.9881
83.1548 32.4435
27.1103 8.7291
