275.456 1.12546
275.262 1.51866
275.074 1.9107
274.867 2.30138
274.65 2.69066
274.439 3.07869
274.225 3.4654
274.018 3.85094
273.808 4.23518
273.595 4.61809
273.469 5.00252
273.915 5.4066
274.59 5.82245
275.231 6.2412
275.854 6.66324
276.489 7.08995
277.13 7.52105
277.776 7.9566
278.427 8.39665
279.083 8.84125
279.752 9.29098
280.426 9.74543
280.739 10.1789
280.596 10.5811
280.458 10.983
280.309 11.3834
280.167 11.7835
280.029 12.1835
279.882 12.5818
279.764 12.9822
279.715 13.3886
279.664 13.7948
279.618 14.2014
279.561 14.607
279.511 15.013
279.465 15.4196
279.41 15.825
279.359 16.231
279.307 16.6367
279.259 17.043
279.21 17.449
279.158 17.8548
279.103 18.2602
279.054 18.6663
279.002 19.0722
278.956 19.4788
278.899 19.884
278.848 20.29
278.802 20.6969
278.746 21.1023
278.695 21.5086
278.65 21.9159
278.594 22.3216
278.543 22.7282
278.49 23.1345
278.443 23.5419
278.392 23.949
278.34 24.3557
278.292 24.7636
278.265 25.1755
278.274 25.5946
278.281 26.0138
278.293 26.4346
278.302 26.8554
278.308 27.2763
278.319 27.6987
278.328 28.1213
278.341 28.5454
278.352 28.9697
278.36 29.394
278.372 29.82
278.39 30.2478
278.397 30.674
278.41 31.1019
278.426 31.5317
278.433 31.9597
278.452 32.3914
278.46 32.8213
278.473 33.2531
278.483 33.685
278.498 34.1188
278.51 34.5527
278.52 34.9866
278.533 35.4224
278.544 35.8584
278.559 36.2963
278.572 36.7343
278.581 37.1723
278.595 37.6125
278.606 38.0526
278.621 38.4949
278.633 38.9372
278.643 39.3795
278.656 39.824
278.674 40.2707
278.682 40.7152
278.693 41.1619
278.709 41.6109
278.722 42.0599
278.732 42.5088
278.746 42.9601
278.763 43.4137
278.771 43.865
278.79 44.321
278.798 44.7745
278.81 45.2304
278.826 45.6888
278.839 46.1471
278.849 46.6054
278.863 47.0661
278.88 47.5293
278.887 47.9898
278.905 48.4555
278.919 48.9211
278.93 49.3866
278.945 49.8546
278.928 50.3118
278.908 50.7687
278.877 51.2226
278.85 51.6789
278.827 52.1376
278.801 52.5959
278.778 53.0567
278.752 53.5171
278.729 53.98
278.703 54.4426
278.674 54.9047
278.648 55.3694
278.625 55.8365
278.599 56.3033
278.569 56.7697
278.543 57.2386
278.52 57.71
278.493 58.181
278.483 58.6607
278.624 59.2097
278.773 59.7653
278.724 60.2323
278.539 60.637
278.358 61.0435
278.214 61.4675
278.139 61.9248
278.06 62.3814
277.985 62.8404
277.906 63.2986
277.831 63.7592
277.758 64.2223
277.682 64.6846
277.602 65.146
277.525 65.6099
277.451 66.0763
277.374 66.5418
277.299 67.0098
277.221 67.4769
277.145 67.9465
277.065 68.4152
276.989 68.8864
276.908 69.3567
276.83 69.8295
276.736 70.2945
276.632 70.7551
276.53 71.218
276.425 71.6799
276.316 72.1407
276.21 72.6039
276.106 73.0694
276.005 73.5373
275.894 74.0006
275.791 74.4698
275.684 74.9378
275.579 75.4083
275.471 75.8775
275.365 76.3491
275.255 76.8195
275.147 77.2923
275.041 77.7675
274.92 78.2341
274.789 78.6957
274.654 79.156
274.521 79.6185
274.413 80.0981
274.278 80.5615
274.174 81.0457
274.071 81.5323
273.971 82.0214
273.866 82.509
273.762 82.999
273.654 83.4876
273.554 83.9824
273.443 84.4719
273.339 84.9675
273.237 85.4655
273.13 85.962
273.02 86.457
272.915 86.9581
272.807 87.4576
272.699 87.9595
272.592 88.4636
272.487 88.97
272.376 89.4747
272.272 89.9856
271.817 90.2405
271.359 90.4926
270.901 90.7418
270.44 90.988
269.983 91.2354
269.53 91.4838
269.076 91.7293
268.62 91.9719
268.172 92.2196
267.718 92.4604
267.272 92.7063
266.825 92.9493
266.376 93.1895
265.931 93.4307
265.489 93.6731
265.045 93.9126
264.6 94.1491
264.193 94.4151
263.788 94.6824
263.387 94.9509
262.983 95.2166
262.583 95.4835
262.185 95.7517
261.785 96.017
261.388 96.2836
260.989 96.5473
260.592 96.8122
260.193 97.0743
259.797 97.3376
259.404 97.6021
259.008 97.8637
258.615 98.1266
258.22 98.3865
257.827 98.6477
257.437 98.91
257.044 99.1695
256.654 99.4301
256.261 99.6877
255.871 99.9465
255.373 100.102
254.843 100.226
254.32 100.355
253.798 100.48
253.274 100.603
252.758 100.73
252.242 100.854
251.725 100.975
251.211 101.097
250.701 101.22
250.194 101.344
244.83 100.243
244.18 100.185
243.584 100.178
242.991 100.173
242.403 100.168
241.82 100.164
241.237 100.158
240.658 100.152
240.084 100.147
239.514 100.144
238.944 100.137
238.379 100.131
237.817 100.127
237.26 100.123
236.703 100.116
236.154 100.115
235.605 100.111
235.057 100.103
234.516 100.101
233.975 100.095
233.438 100.091
232.901 100.083
232.372 100.081
231.843 100.076
231.317 100.072
230.792 100.065
230.274 100.063
229.756 100.058
229.241 100.055
228.727 100.048
228.22 100.046
227.712 100.042
227.205 100.034
226.704 100.032
226.204 100.026
225.706 100.022
225.212 100.019
224.643 99.9125
224.022 99.7327
223.365 99.5003
222.715 99.2694
222.07 99.0401
221.433 98.8164
220.802 98.5943
209.252 94.5072
183.207 85.0234
141.712 66.362
134.143 62.6505
126.347 60.6734
119.379 56.6553
112.664 52.3558
104.984 48.9124
88.2343 40.1821
77.7058 35.0067
64.7083 28.7035
47.8087 20.4877
18.3752 9.27849
