330.672 1.18067
330.589 1.74775
330.503 2.3143
330.421 2.88038
330.336 3.44594
330.248 4.01096
330.34 4.57907
330.469 5.14866
330.523 5.71718
330.573 6.28603
330.619 6.85519
330.679 7.4252
330.726 7.99528
330.779 8.56598
330.924 9.14131
331.161 9.72217
331.258 10.2975
331.217 10.8661
331.18 11.4349
331.148 12.004
331.105 12.5723
331.074 13.1415
331.047 13.711
331.081 14.285
331.119 14.8598
331.154 15.4349
331.194 16.0108
331.229 16.587
331.262 17.1634
331.298 17.7408
331.331 18.3183
331.369 18.8969
331.411 19.4765
331.441 20.0556
331.476 20.6356
331.516 21.2168
331.551 21.7982
331.591 22.3808
331.627 22.9636
331.66 23.5467
331.697 24.1309
331.739 24.7164
331.729 25.2959
331.692 25.8721
331.644 26.4469
331.608 27.0237
331.561 27.5991
331.518 28.1754
331.48 28.7526
331.437 29.3296
331.392 29.9063
331.35 30.484
331.305 31.0614
331.264 31.6399
331.22 32.2181
331.18 32.7974
331.136 33.3764
331.096 33.9566
331.053 34.5365
331.014 35.1176
330.971 35.6984
330.925 36.279
330.882 36.8607
330.844 37.4438
330.794 38.025
330.756 38.6091
330.715 39.1929
330.669 39.7765
330.628 40.3614
330.583 40.9461
330.541 41.5321
330.496 42.1179
330.455 42.7051
330.411 43.292
330.369 43.8804
330.325 44.4686
330.344 45.073
330.405 45.6888
330.462 46.3049
330.515 46.9212
330.571 47.5398
330.63 48.1605
330.685 48.7816
330.744 49.4049
330.798 50.0284
330.669 50.603
330.543 51.1789
330.414 51.7539
330.355 52.3492
330.427 52.9826
330.493 53.6163
330.563 54.2524
330.635 54.8911
330.704 55.53
330.782 56.1737
330.848 56.8155
330.925 57.4621
330.99 58.1067
331.065 58.7561
331.135 59.4059
331.193 60.0536
331.116 60.6584
331.042 61.265
330.965 61.871
330.883 62.4765
330.804 63.0837
330.728 63.6929
330.648 64.3014
330.57 64.9118
330.489 65.5216
330.411 66.1333
330.328 66.7443
330.248 67.3573
330.178 67.9748
330.182 68.6209
330.187 69.2694
330.195 69.9204
330.051 70.5143
329.882 71.099
329.716 71.6852
329.63 72.3034
329.581 72.9376
329.534 73.574
329.482 74.2098
329.433 74.8478
329.386 75.4882
329.335 76.1279
329.285 76.7699
329.238 77.4142
329.185 78.0579
329.135 78.7038
329.087 79.3521
329.041 80.0027
328.942 80.6316
328.846 81.2626
328.785 81.9109
328.76 82.5768
328.736 83.2451
328.707 83.9128
328.686 84.5861
328.66 85.2588
328.629 85.9309
328.606 86.6086
328.577 87.2856
328.55 87.9651
328.524 88.6471
328.499 89.3317
328.468 90.0155
328.323 90.6433
328.179 91.273
328.036 91.9047
327.889 92.535
327.744 93.1673
327.599 93.8015
327.451 94.4343
327.303 95.0691
327.157 95.7058
327.012 96.3445
326.863 96.9817
326.721 97.6242
326.573 98.2653
326.421 98.9049
326.289 99.5569
326.176 100.221
325.916 100.804
325.67 101.395
325.42 101.984
325.165 102.571
324.864 103.132
324.461 103.633
324.055 104.131
323.652 104.63
323.245 105.127
322.84 105.624
322.438 106.122
322.033 106.617
321.629 107.113
321.228 107.61
320.824 108.104
320.422 108.599
320.022 109.095
319.618 109.588
319.176 110.055
318.501 110.371
317.836 110.69
317.17 111.005
316.507 111.32
315.849 111.635
315.194 111.95
314.538 112.26
313.886 112.571
313.233 112.878
312.588 113.189
311.942 113.495
311.3 113.802
310.657 114.105
310.022 114.411
309.386 114.714
308.748 115.013
308.12 115.316
307.489 115.615
306.863 115.914
306.234 116.21
305.615 116.509
304.993 116.805
304.37 117.096
303.756 117.392
303.14 117.684
302.527 117.976
301.918 118.269
301.307 118.557
300.699 118.846
300.095 119.135
299.094 119.107
297.646 118.717
295.587 117.825
293.594 116.969
291.996 116.417
290.426 115.875
289.611 115.943
288.871 116.067
288.14 116.195
287.409 116.319
286.683 116.443
285.957 116.563
285.24 116.687
284.522 116.807
283.81 116.927
283.101 117.047
282.398 117.168
281.698 117.288
281.004 117.409
280.308 117.526
279.617 117.642
278.931 117.759
278.249 117.877
277.566 117.99
276.892 118.108
276.218 118.222
275.547 118.336
274.549 118.138
273.145 117.548
265.996 113.578
265.273 113.581
264.551 113.581
263.838 113.586
263.126 113.586
262.423 113.591
261.72 113.593
261.022 113.595
260.33 113.597
259.641 113.6
258.954 113.599
258.275 113.603
257.597 113.603
256.927 113.608
256.257 113.61
255.593 113.612
254.932 113.614
254.276 113.617
253.621 113.616
252.973 113.621
252.326 113.621
251.684 113.623
250.992 113.566
250.14 113.324
249.295 113.083
248.461 112.847
247.633 112.611
232.177 103.725
231.643 103.716
231.115 103.712
230.59 103.709
230.065 103.703
229.544 103.698
229.023 103.69
228.509 103.687
227.994 103.681
227.483 103.676
226.975 103.672
226.47 103.669
225.966 103.663
225.464 103.657
224.962 103.649
224.415 103.575
201.648 95.0939
176.743 83.4755
154.484 72.8666
149.965 70.7776
141.663 66.7496
134.05 63.0149
119.178 57.0206
103.367 50.6332
95.8281 45.7948
87.7749 40.4735
77.1695 35.259
64.1337 28.8902
47.0741 20.6278
17.363 9.34215
