330.816 1.18082
330.837 1.74878
330.863 2.31692
330.885 2.88521
330.912 3.45375
330.936 4.02245
330.964 4.59144
330.965 5.16006
330.859 5.72596
330.757 6.29142
330.651 6.85623
330.543 7.42037
330.439 7.98414
330.34 8.54759
330.261 9.11149
330.243 9.67797
330.261 10.2464
330.3 10.8162
330.351 11.3872
330.391 11.958
330.435 12.5296
330.484 13.102
330.53 13.6746
330.572 14.2476
330.618 14.8215
330.669 15.3962
330.709 15.9707
330.761 16.5467
330.801 17.1224
330.846 17.699
330.895 18.2767
330.941 18.8547
330.983 19.4329
331.03 20.0123
331.081 20.5928
331.128 21.1737
331.306 21.7702
331.536 22.3743
331.762 22.9799
331.991 23.5878
332.217 24.1971
332.447 24.8089
332.264 25.3674
331.905 25.9011
331.534 26.4315
331.169 26.9607
330.809 27.4888
330.445 28.0147
330.087 28.5396
329.725 29.0622
329.376 29.5851
329.064 30.1122
328.756 30.6387
328.437 31.162
328.131 31.686
327.822 32.2081
327.51 32.7283
327.203 33.248
326.893 33.7658
326.587 34.2832
326.279 34.7987
325.975 35.3139
325.669 35.8271
325.359 36.3385
325.055 36.8496
324.678 37.3444
324.276 37.8321
323.878 38.3189
323.478 38.8034
323.083 39.2871
322.693 39.7701
322.292 40.249
321.905 40.7289
321.514 41.2066
321.121 41.6818
320.733 42.1565
320.35 42.6307
319.957 43.1007
319.576 43.5721
319.193 44.0412
318.807 44.508
318.427 44.9744
318.043 45.4385
317.665 45.9022
317.291 46.3658
316.908 46.825
316.536 47.286
316.163 47.7448
315.786 48.2013
315.415 48.6577
315.041 49.1118
314.665 49.5637
314.293 50.0155
313.772 50.4206
313.249 50.8226
312.738 51.226
312.218 51.6241
311.711 52.0237
311.202 52.4203
310.691 52.8138
310.185 53.2067
309.685 53.599
309.204 53.9955
308.75 54.3989
308.295 54.7996
307.844 55.2
307.399 55.6003
306.951 55.9978
306.502 56.3928
306.057 56.7876
305.61 57.1797
305.169 57.5718
304.732 57.9638
304.287 58.3506
303.853 58.7401
303.418 59.127
302.98 59.5112
302.548 59.8956
301.938 60.2092
301.264 60.4946
300.597 60.7789
299.922 61.0565
299.218 61.3191
298.52 61.5804
297.829 61.8406
297.136 62.0968
296.457 62.3548
295.778 62.609
295.097 62.8592
294.43 63.1115
293.762 63.3599
293.1 63.6075
292.444 63.8544
291.788 64.0975
291.138 64.3398
290.493 64.5816
289.848 64.8196
289.216 65.0602
288.577 65.294
287.95 65.5305
287.323 65.7634
286.701 65.9959
286.085 66.228
285.469 66.4566
284.859 66.685
284.255 66.9131
283.65 67.1377
283.05 67.3622
282.451 67.5833
281.857 67.8043
281.268 68.0252
280.686 68.2461
280.103 68.4637
279.519 68.678
278.948 68.8957
278.369 69.1068
277.802 69.3214
277.235 69.5328
276.674 69.7445
276.111 69.9529
275.486 70.1238
274.792 70.2535
273.987 70.317
273.252 70.4145
272.522 70.5116
271.8 70.6083
271.084 70.7046
270.369 70.7971
269.666 70.8928
268.964 70.9848
268.269 71.0766
267.58 71.1683
266.898 71.26
266.222 71.3516
265.547 71.4395
264.884 71.5312
264.221 71.6193
263.565 71.7076
262.909 71.7924
262.266 71.8811
261.623 71.9663
260.986 72.0518
260.349 72.134
259.719 72.2165
259.101 72.3031
258.477 72.3827
257.865 72.4666
257.254 72.5471
256.648 72.6282
256.049 72.7099
255.45 72.7884
254.856 72.8676
254.269 72.9474
253.682 73.0241
253.101 73.1016
252.526 73.1798
251.951 73.2549
251.382 73.3309
250.818 73.4077
250.255 73.4815
249.52 73.4274
248.654 73.272
247.796 73.1164
246.946 72.9608
246.11 72.8092
245.287 72.6617
244.471 72.5143
243.737 72.4227
243.14 72.4308
242.543 72.436
241.958 72.4461
241.373 72.4532
240.794 72.4614
240.222 72.4707
239.65 72.4771
239.084 72.4846
238.524 72.4932
237.964 72.499
237.411 72.506
236.863 72.5143
236.32 72.5238
235.779 72.5306
235.238 72.5346
234.707 72.544
234.178 72.5507
233.653 72.5588
233.13 72.5642
232.611 72.571
232.098 72.5793
231.586 72.5849
231.079 72.592
230.578 72.6007
230.077 72.6067
229.581 72.6143
229.085 72.6193
228.595 72.6259
228.11 72.6341
227.625 72.6398
227.146 72.6471
226.666 72.6519
226.192 72.6584
225.723 72.6666
225.254 72.6722
224.581 72.4794
223.638 72.0208
222.314 71.183
221.603 70.9311
221.117 70.8941
220.636 70.8589
220.156 70.8213
219.681 70.7855
219.211 70.7515
218.742 70.7151
218.277 70.6807
217.814 70.6438
217.355 70.6089
216.901 70.5759
216.448 70.5405
216 70.5071
215.553 70.4714
215.11 70.4376
214.671 70.4058
214.234 70.3718
213.801 70.3397
213.368 70.3054
212.941 70.2731
212.517 70.2427
212.094 70.2102
211.676 70.1797
211.258 70.147
210.845 70.1163
210.432 70.0834
210.023 70.0526
209.618 70.0239
209.185 69.9593
208.685 69.8126
208.187 69.6639
207.694 69.5173
207.206 69.3729
206.724 69.2306
206.247 69.0905
205.771 68.9484
205.301 68.8085
204.836 68.6709
204.376 68.5354
203.93 68.4148
203.6 68.4346
203.269 68.4522
202.941 68.4719
202.617 68.4937
202.289 68.5092
201.967 68.531
201.645 68.5506
201.323 68.568
201.004 68.5876
200.685 68.605
200.368 68.6244
200.052 68.6417
199.607 68.4827
199.067 68.1892
198.566 67.9439
189.833 63.8611
184.317 63.5209
179.224 63.2071
160.938 58.5163
157.014 56.7647
153.47 56.6192
149.972 56.3901
143.709 50.611
137.286 50.4297
130.483 50.2393
127.353 42.1615
124.082 36.6509
119.456 33.5096
110.427 33.7227
98.2718 33.8147
83.6845 32.1944
66.1995 28.2192
27.1422 8.72709
