375.672 1.22567
375.46 1.93354
375.253 2.64014
375.881 3.35416
377.104 4.08026
378.835 4.82258
378.378 5.53244
377.326 6.22581
376.253 6.91215
375.248 7.59385
374.615 8.28142
373.995 8.96558
373.37 9.64584
373.196 10.3412
373.514 11.0578
373.835 11.7767
374.159 12.4981
374.479 13.2215
374.803 13.9473
375.13 14.6757
375.453 15.4061
375.779 16.1391
376.108 16.8746
376.608 17.6251
377.199 18.386
377.793 19.1512
378.397 19.9214
378.997 20.6954
379.608 21.4746
380.214 22.2575
380.83 23.0458
381.449 23.8387
382.071 24.6362
381.983 25.3636
381.314 26.028
380.648 26.6891
379.979 27.3461
379.322 28.0007
378.662 28.6513
378.006 29.2988
377.354 29.9433
376.707 30.5847
376.064 31.2232
375.426 31.8587
374.784 32.4904
374.146 33.1192
373.514 33.7452
372.885 34.3685
372.262 34.9891
371.634 35.6059
371.012 36.2201
370.394 36.8317
369.78 37.4408
369.172 38.0475
368.559 38.6504
367.952 39.251
367.349 39.8492
366.751 40.4451
366.149 41.0374
365.553 41.6275
364.961 42.2154
364.365 42.7997
363.86 43.3987
363.358 43.9961
362.854 44.5905
362.361 45.1851
361.858 45.775
361.367 46.3651
360.873 46.9522
360.383 47.5381
359.89 48.1209
359.401 48.7025
358.909 49.2811
358.43 49.8603
357.598 50.3536
356.657 50.8162
355.889 51.3158
355.739 51.9643
355.584 52.6119
355.433 53.2603
355.286 53.9098
355.134 54.5583
354.979 55.2059
354.834 55.8564
354.677 56.504
354.532 57.1547
354.374 57.8024
354.228 58.4533
354.077 59.1032
353.923 59.7521
353.349 60.2791
352.507 60.7242
351.678 61.1688
350.854 61.6106
350.036 62.0498
348.673 62.3166
347.296 62.5709
345.941 62.824
344.608 63.0763
343.283 63.3231
341.973 63.567
340.678 63.8081
339.398 64.0465
338.133 64.2824
336.883 64.5158
336.108 64.9052
335.562 65.3697
335.02 65.8335
334.476 66.2941
333.929 66.7514
333.395 67.2107
332.851 67.6642
332.319 68.1196
331.784 68.5719
331.255 69.0237
330.723 69.4723
330.195 69.9204
329.315 70.23
328.364 70.5073
327.427 70.7847
326.489 71.0567
325.565 71.3289
324.585 71.5735
323.522 71.7787
322.467 71.9807
321.425 72.1825
320.384 72.3784
319.364 72.5772
318.345 72.7702
317.339 72.9634
316.341 73.154
315.356 73.3448
314.379 73.5332
313.409 73.7191
312.446 73.9027
311.497 74.0869
310.562 74.272
309.787 74.5255
309.011 74.7747
308.242 75.0226
307.479 75.2693
306.715 75.5117
305.964 75.7562
305.213 75.9964
304.474 76.2387
303.735 76.4769
303.002 76.7142
302.268 76.9474
301.547 77.183
300.825 77.4145
300.109 77.6453
299.188 77.7665
298.229 77.8629
297.284 77.9608
296.353 78.0603
295.423 78.1549
294.506 78.2511
293.597 78.3459
292.695 78.4391
291.8 78.531
290.913 78.6215
290.038 78.7142
289.165 78.8022
288.305 78.8925
287.452 78.9817
286.606 79.0699
285.767 79.1571
284.935 79.2434
284.11 79.3288
283.292 79.4134
282.481 79.4973
281.676 79.5804
280.878 79.6628
280.088 79.7447
279.303 79.826
278.526 79.9068
277.755 79.9871
276.95 80.0414
276.152 80.0952
275.354 80.1449
274.506 80.1571
273.723 80.2058
272.946 80.2541
272.176 80.3022
271.413 80.3499
270.651 80.3937
269.901 80.4411
269.158 80.4884
268.422 80.5357
267.686 80.5791
266.963 80.6263
266.24 80.6698
265.524 80.7133
264.814 80.757
264.111 80.8009
263.414 80.845
262.723 80.8894
262.033 80.9302
261.349 80.9713
260.677 81.0167
260.006 81.0586
259.335 81.097
258.676 81.1398
258.018 81.1792
257.365 81.2191
256.719 81.2597
256.079 81.3008
255.439 81.3386
254.81 81.381
254.182 81.4202
253.554 81.4561
252.938 81.4968
252.322 81.5342
251.712 81.5725
251.107 81.6116
250.503 81.6476
249.869 81.6562
249.068 81.5243
248.274 81.3927
247.487 81.2616
246.767 81.1796
246.126 81.1593
245.496 81.144
244.868 81.1255
244.24 81.104
243.623 81.0874
243.007 81.0678
242.402 81.0534
241.798 81.0359
241.195 81.0154
240.602 81.0001
240.01 80.9819
239.423 80.9648
238.842 80.9489
238.262 80.93
237.692 80.9166
237.123 80.9003
236.555 80.8811
235.997 80.8673
235.439 80.8507
234.887 80.8355
234.335 80.8174
233.789 80.8007
233.248 80.7854
232.712 80.7715
232.176 80.7549
231.646 80.7397
231.121 80.726
230.596 80.7096
230.077 80.6946
229.558 80.677
229.048 80.6651
228.538 80.6505
228.029 80.6332
227.525 80.6176
227.026 80.6034
226.532 80.5909
226.037 80.5758
225.548 80.5622
225.059 80.5461
224.413 80.3591
223.855 80.262
223.334 80.2003
222.818 80.1401
222.303 80.0774
221.797 80.0206
221.223 79.8855
220.625 79.7184
220.033 79.553
219.446 79.3893
218.865 79.2274
218.29 79.0672
217.721 78.9089
217.154 78.7481
216.596 78.5934
216.043 78.4405
215.493 78.2852
214.948 78.1319
214.412 77.9846
213.877 77.835
213.348 77.6874
212.825 77.5417
212.303 77.3937
211.789 77.2519
211.278 77.1078
210.771 76.9657
210.269 76.8257
209.773 76.6876
209.281 76.5515
208.81 76.4384
208.412 76.4149
208.014 76.3891
207.62 76.3652
207.226 76.339
206.835 76.3147
206.448 76.2923
206.061 76.2675
205.678 76.2447
205.297 76.2236
204.917 76.2003
204.537 76.1748
196.664 74.641
189.382 72.747
183.436 72.1741
177.918 71.64
172.644 70.8336
167.472 69.2132
162.615 67.3313
158.181 66.0421
154.037 65.6977
149.968 65.3576
142.025 63.8952
134.214 62.3772
126.764 59.6231
118.868 57.584
110.689 55.0727
101.185 52.9556
89.9393 50.6643
77.1385 47.2209
61.3852 42.6838
37.0828 37.6766
7.05591 28.2592
