395.664 1.24566
396.244 2.0196
397.052 2.79886
397.87 3.58334
398.692 4.37307
399.374 5.16567
399.491 5.95143
399.603 6.73791
399.718 7.5253
399.836 8.31363
399.95 9.1027
400.043 9.89191
399.988 10.6761
399.872 11.4577
399.759 12.2388
399.65 13.0196
399.536 13.7998
399.425 14.5796
399.31 15.3588
399.198 16.1377
399.089 16.9164
398.975 17.6945
398.865 18.4724
398.751 19.2496
398.64 20.0267
398.531 20.8037
398.419 21.58
398.31 22.3564
398.196 23.132
398.085 23.9077
398.017 24.6873
397.58 25.4304
396.869 26.1434
396.155 26.852
395.555 27.5689
394.991 28.2866
394.423 29.0007
393.859 29.7123
393.298 30.4213
392.742 31.1278
392.189 31.8319
391.633 32.5325
391.081 33.2308
390.533 33.9268
389.988 34.6204
389.44 35.3107
388.896 35.9988
388.356 36.6846
387.82 37.3684
387.28 38.0488
386.744 38.7272
386.213 39.4035
385.685 40.0779
385.154 40.7491
384.627 41.4183
384.096 42.0842
383.569 42.7484
383.046 43.4107
382.528 44.0712
382.013 44.73
381.495 45.3857
380.974 46.0382
380.464 46.6906
379.951 47.3398
379.441 47.9875
378.929 48.6321
378.42 49.2752
377.916 49.9169
377.147 50.4987
376.338 51.0674
375.534 51.633
374.742 52.1972
373.947 52.7566
373.158 53.3129
372.373 53.8663
371.693 54.4406
371.622 55.1606
371.547 55.8802
371.467 56.5992
371.39 57.3196
371.316 58.0414
371.245 58.7647
371.169 59.4874
370.849 60.1455
369.941 60.6433
369.039 61.1378
368.143 61.629
367.259 62.1191
366.373 62.6039
365.493 63.0855
364.781 63.6116
364.066 64.1334
363.364 64.6554
362.667 65.1754
361.967 65.6913
361.272 66.2052
360.582 66.7174
359.89 67.2254
359.203 67.7316
358.52 68.2361
357.842 68.7389
357.169 69.2401
356.494 69.7372
355.795 70.2231
355.057 70.6926
354.332 71.1627
353.604 71.6285
352.882 72.0926
352.165 72.5549
351.452 73.0156
350.738 73.472
350.036 73.9295
348.899 74.2235
347.755 74.5084
346.625 74.7921
345.502 75.072
344.386 75.3481
343.284 75.6233
342.189 75.8949
341.108 76.1658
340.069 76.4472
339.05 76.7309
338.045 77.0145
337.047 77.2952
336.062 77.5759
335.077 77.851
334.105 78.1263
333.14 78.399
332.181 78.6691
331.229 78.9367
330.283 79.2019
329.351 79.4677
328.419 79.7283
327.5 79.9896
326.372 80.1522
325.291 80.3297
324.339 80.5593
323.407 80.7928
322.488 81.0273
321.608 81.2752
320.742 81.5245
319.882 81.772
319.028 82.0179
318.181 82.2622
317.333 82.5017
316.498 82.7429
315.669 82.9827
314.84 83.2179
314.023 83.4549
313.206 83.6874
312.402 83.9219
311.597 84.1519
310.799 84.3808
310.006 84.6085
309.22 84.8352
308.439 85.0609
307.659 85.2822
306.89 85.506
306.121 85.7255
305.358 85.9442
304.601 86.1621
303.85 86.3792
303.099 86.5921
302.359 86.8079
301.619 87.0195
300.885 87.2305
300.157 87.441
299.021 87.4111
297.656 87.2407
296.368 87.1062
295.102 86.9759
293.852 86.8465
292.617 86.7179
291.397 86.5905
290.193 86.4642
289.009 86.3428
287.835 86.2192
286.682 86.1007
285.538 85.9802
284.56 85.9572
283.666 85.9808
282.779 86.0036
281.899 86.0256
281.032 86.0505
280.167 86.0709
279.314 86.0945
278.469 86.1174
277.63 86.1398
276.798 86.1616
275.974 86.1831
275.156 86.2041
274.289 86.1866
273.419 86.1609
272.561 86.1386
271.705 86.112
270.862 86.0888
270.021 86.0615
269.192 86.0377
268.37 86.0137
267.556 85.9895
266.748 85.9651
265.947 85.9407
265.159 85.9201
264.404 85.9192
263.681 85.9382
262.971 85.9613
262.261 85.9808
261.563 86.0047
260.865 86.025
260.174 86.0457
259.484 86.0629
258.805 86.0845
258.126 86.1027
257.459 86.1254
256.793 86.1448
256.132 86.1647
255.472 86.1813
254.824 86.2025
254.175 86.2205
253.533 86.2392
252.896 86.2586
252.265 86.2788
251.635 86.2958
251.01 86.3136
250.391 86.3323
249.711 86.2946
248.912 86.1512
248.126 86.0124
247.347 85.8741
246.575 85.7364
245.815 85.6035
245.057 85.4672
244.311 85.3357
243.572 85.205
242.839 85.0751
242.114 84.946
241.395 84.8178
240.687 84.6946
239.982 84.5682
239.283 84.4429
238.648 84.3726
238.054 84.3368
237.461 84.298
236.874 84.2605
236.292 84.2243
235.711 84.1851
235.135 84.1472
234.569 84.1148
234 84.0754
233.44 84.0416
232.88 84.0049
232.326 83.9696
231.778 83.9357
231.229 83.899
230.686 83.8637
230.148 83.8299
229.615 83.7976
229.082 83.7625
228.555 83.7289
228.032 83.6968
227.51 83.6621
226.992 83.6288
226.48 83.5971
225.971 83.5669
225.464 83.5341
224.942 83.4818
224.227 83.2121
223.519 82.9439
222.822 82.6816
222.132 82.421
221.452 82.1662
220.78 81.9131
220.227 81.7922
219.764 81.7698
219.304 81.7491
218.845 81.7259
218.39 81.7044
217.939 81.6845
217.489 81.6622
217.042 81.6415
216.596 81.6184
216.157 81.6011
215.714 81.5772
215.28 81.5591
214.845 81.5386
214.411 81.5156
213.983 81.4986
213.553 81.4748
213.13 81.457
212.707 81.4366
212.287 81.418
211.868 81.397
211.452 81.3776
211.036 81.3558
210.627 81.3399
210.215 81.3173
209.81 81.3006
209.405 81.2815
208.999 81.2599
208.6 81.2441
208.202 81.2259
200.61 80.8679
192.606 78.622
185.127 75.772
179.346 75.2552
173.871 74.6183
168.555 73.4418
163.566 72.3333
158.832 71.2179
154.293 69.804
149.966 68.8926
141.668 66.7125
133.687 64.4241
125.661 62.4043
117.51 60.0514
108.822 57.6405
99.0979 55.177
87.8929 52.3564
74.0621 49.1725
56.5121 44.9761
29.7508 40.058
6.5842 28.3491
