367.56 1.21756
366.324 1.89572
365.629 2.57006
365.546 3.24645
365.458 3.9223
365.375 4.59773
365.247 5.27183
365.052 5.94366
364.86 6.61445
364.673 7.28427
364.482 7.95291
364.39 8.62403
365.117 9.32643
366.439 10.0584
366.192 10.7283
365.9 11.3947
365.612 12.0597
365.321 12.7229
365.026 13.3842
364.734 14.0442
364.607 14.7131
364.634 15.3918
364.666 16.0713
364.693 16.7509
364.724 17.4314
364.751 18.112
364.782 18.7935
364.809 19.4751
364.84 20.1576
364.866 20.8404
364.896 21.524
364.93 22.2086
364.96 22.8935
364.986 23.5785
365.015 24.2645
365.048 24.9516
364.998 25.6299
364.951 26.3087
364.901 26.9873
364.854 27.6665
364.803 28.3455
364.756 29.0252
364.705 29.7045
364.657 30.3847
364.606 31.0645
364.558 31.7451
364.505 32.4255
364.465 33.1078
364.428 33.7911
364.386 34.4742
364.349 35.1583
364.307 35.8421
364.261 36.5256
364.226 37.2115
364.179 37.8958
364.143 38.5826
364.104 39.2691
364.06 39.9554
364.019 40.6428
363.982 41.3314
363.94 42.0197
363.894 42.7078
363.86 43.3987
363.813 44.0877
363.777 44.7796
363.737 45.4712
363.692 46.1626
363.651 46.8553
363.613 47.5494
363.571 48.2433
363.524 48.9368
363.488 49.6335
363.394 50.3176
363.235 50.9868
363.087 51.6587
362.935 52.3296
362.779 52.9995
362.626 53.6704
362.469 54.3402
362.323 55.0129
362.165 55.6827
362.01 56.3535
361.858 57.0252
361.718 57.7
361.804 58.4368
361.886 59.174
361.97 59.9136
361.856 60.5992
361.722 61.2797
361.592 61.9616
361.59 62.6814
361.723 63.4424
361.852 64.2042
361.989 64.971
362.122 65.7384
362.256 66.5087
362.392 67.2819
362.529 68.0581
362.669 68.8372
362.802 69.617
362.727 70.331
362.451 70.9798
362.171 71.6269
361.886 72.2723
361.613 72.9207
361.335 73.5674
361.052 74.2123
360.773 74.8579
360.497 75.5043
360.217 76.1489
359.94 76.7942
359.659 77.4378
359.381 78.0822
359.275 78.7905
359.186 79.506
359.007 80.1886
358.648 80.8027
358.285 81.4146
357.925 82.0269
357.568 82.6397
357.207 83.2502
356.843 83.8585
356.489 84.47
356.13 85.0793
355.768 85.6863
355.409 86.2938
355.053 86.9019
354.693 87.5078
354.336 88.1142
353.981 88.7213
353.63 89.329
353.336 89.9611
353.213 90.6688
353.274 91.4594
353.335 92.2528
353.397 93.0491
353.459 93.8482
353.522 94.6502
353.585 95.4551
353.648 96.2628
353.712 97.0734
353.769 97.8838
353.832 98.7001
353.896 99.5193
353.75 100.239
353.312 100.817
352.871 101.392
352.432 101.968
351.995 102.544
351.555 103.117
351.118 103.69
350.683 104.264
350.245 104.835
349.796 105.4
349.331 105.955
348.869 106.511
348.403 107.063
347.94 107.616
347.479 108.17
347.014 108.72
346.578 109.285
346.149 109.853
345.599 110.353
345.016 110.832
344.435 111.311
343.852 111.786
343.272 112.261
342.689 112.732
342.109 113.204
341.532 113.675
340.959 114.147
340.382 114.614
339.809 115.082
339.238 115.55
338.671 116.018
338.101 116.482
337.533 116.946
336.963 117.406
336.401 117.871
335.837 118.331
335.269 118.788
334.727 119.26
334.2 119.74
333.675 120.22
333.147 120.696
332.621 121.173
332.097 121.649
331.571 122.123
331.046 122.596
330.524 123.07
330.004 123.544
329.481 124.015
328.96 124.485
328.442 124.957
327.743 125.301
327.027 125.63
326.314 125.958
325.605 126.286
324.829 126.563
323.616 126.52
322.416 126.478
321.256 126.459
320.279 126.566
319.313 126.677
318.353 126.786
317.398 126.894
316.45 127.002
315.507 127.108
314.57 127.213
313.639 127.317
312.719 127.424
311.799 127.526
310.89 127.631
309.981 127.731
309.083 127.835
308.185 127.934
307.297 128.036
306.41 128.133
305.533 128.234
304.662 128.334
303.791 128.429
302.93 128.528
302.074 128.626
301.219 128.72
300.373 128.817
299.379 128.782
298.269 128.641
297.166 128.498
296.08 128.363
295.001 128.226
293.93 128.089
292.871 127.954
291.82 127.819
290.78 127.688
289.821 127.621
288.945 127.625
288.071 127.624
287.202 127.623
286.343 127.625
285.49 127.628
284.637 127.626
283.795 127.627
282.958 127.629
282.126 127.63
281.299 127.632
280.473 127.629
279.657 127.629
278.846 127.63
278.04 127.631
277.239 127.632
276.443 127.632
275.651 127.633
274.865 127.634
273.919 127.466
272.911 127.227
271.909 126.988
270.916 126.749
269.933 126.514
268.962 126.284
267.999 126.053
267.046 125.826
266.1 125.6
265.166 125.378
264.238 125.156
263.333 124.951
262.468 124.784
261.614 124.621
260.766 124.459
259.924 124.297
259.087 124.136
258.261 123.979
257.44 123.822
256.625 123.666
255.816 123.51
255.016 123.359
254.219 123.204
253.43 123.053
252.555 122.794
251.388 122.178
250.587 121.992
249.793 121.806
249.007 121.625
248.224 121.44
247.45 121.26
246.682 121.081
245.922 120.906
245.165 120.728
244.416 120.555
243.673 120.383
242.935 120.211
242.202 120.04
241.474 119.87
240.745 119.692
240.002 119.49
239.265 119.289
238.536 119.092
237.813 118.897
237.094 118.702
236.381 118.509
235.673 118.316
234.97 118.124
222.009 114.64
210.013 110.335
199.922 107.266
190.938 104.584
182.8 102.155
175.328 99.8844
168.233 96.8746
161.724 94.2083
155.684 92.1081
149.955 90.1151
139.138 86.6668
128.812 83.3778
118.708 79.9469
108.789 75.9013
98.1034 72.3846
86.9347 68.1228
73.9316 63.9011
57.1276 59.9152
37.0068 54.1512
8.37338 47.0016
