356.256 1.20626
356.565 1.8553
356.87 2.50628
357.179 3.15925
357.484 3.81414
357.849 4.47201
358.37 5.13534
358.287 5.78815
358.577 6.45025
358.894 7.11509
359.215 7.78218
359.532 8.45127
359.853 9.12266
360.17 9.79605
360.275 10.4621
360.28 11.1242
360.29 11.7867
360.295 12.4493
360.305 13.1123
360.31 13.7755
360.319 14.4391
360.325 15.1028
360.326 15.7666
360.339 16.4315
360.341 17.0959
360.354 17.7616
360.355 18.4267
360.36 19.0925
360.37 19.759
360.375 20.4256
360.383 21.093
360.396 21.7612
360.46 22.4352
360.536 23.1112
360.616 23.7885
360.699 24.4673
360.771 25.1456
360.798 25.8197
360.822 26.494
360.849 27.1694
360.88 27.846
360.906 28.5228
360.937 29.2008
360.963 29.879
360.993 30.5584
361.034 31.2403
361.071 31.9224
361.104 32.6047
361.148 33.2897
361.181 33.9737
361.224 34.6603
361.255 35.346
361.298 36.0344
361.336 36.7231
361.37 37.412
361.407 38.1024
361.448 38.7945
361.484 39.4867
361.524 40.1807
361.559 40.8748
361.598 41.5706
361.64 42.2682
361.677 42.966
361.718 43.6655
361.754 44.3652
361.793 45.0667
361.828 45.7685
361.865 46.472
361.906 47.1774
361.942 47.8831
361.982 48.5906
362.024 49.3
362.062 50.0096
361.981 50.6927
361.895 51.3753
361.813 52.0591
361.749 52.7479
361.696 53.44
361.646 54.1336
361.599 54.8288
361.547 55.5237
361.499 56.2201
361.446 56.9161
361.396 57.6138
361.341 58.311
361.296 59.012
361.24 59.7105
361.179 60.4086
361.113 61.1063
361.05 61.8056
360.983 62.5044
360.918 63.2048
360.848 63.9048
360.782 64.6065
360.717 65.3099
360.656 66.015
360.582 66.7174
360.519 67.4237
360.465 68.1343
360.45 68.8584
360.43 69.5823
360.347 70.2868
360.187 70.9665
360.029 71.6476
359.867 72.3275
359.708 73.0088
359.544 73.6891
359.383 74.3707
359.224 75.0536
359.061 75.7355
358.9 76.4188
358.735 77.101
358.572 77.7846
358.419 78.4723
358.289 79.1694
358.162 79.8683
358.085 80.5876
358.025 81.3144
357.967 82.0433
357.903 82.7715
357.841 83.5018
357.781 84.2342
357.722 84.9687
357.665 85.7054
357.603 86.4414
357.542 87.1795
357.476 87.917
357.479 88.6854
357.723 89.5584
357.639 90.2944
357.224 90.8881
356.86 91.503
356.775 92.2407
356.685 92.9775
356.589 93.7133
356.502 94.4543
356.409 95.1942
356.317 95.9362
356.226 96.6803
356.136 97.4265
356.047 98.1747
355.952 98.9219
355.865 99.6744
355.706 100.394
355.51 101.096
355.308 101.797
355.108 102.499
354.908 103.203
354.704 103.905
354.507 104.612
354.305 105.318
354.098 106.021
353.898 106.73
353.699 107.44
353.495 108.148
353.292 108.858
353.096 109.572
352.882 110.279
352.594 110.946
352.307 111.614
352.021 112.283
351.73 112.95
351.446 113.622
351.158 114.291
350.871 114.962
350.578 115.63
350.293 116.303
350.002 116.973
349.652 117.61
349.297 118.243
348.95 118.881
348.591 119.513
348.24 120.15
347.89 120.787
347.535 121.422
347.182 122.057
346.829 122.693
346.477 123.33
346.121 123.965
345.771 124.604
345.295 125.162
344.611 125.588
343.931 126.013
343.255 126.438
342.581 126.862
341.911 127.286
341.238 127.706
340.568 128.125
339.902 128.544
339.238 128.962
338.572 129.377
337.909 129.791
337.282 130.228
336.663 130.668
336.047 131.108
335.434 131.548
334.817 131.984
334.209 132.424
333.597 132.86
332.988 133.295
332.381 133.731
331.772 134.162
331.17 134.598
330.543 135.013
329.64 135.22
328.742 135.425
327.848 135.63
326.959 135.833
326.07 136.032
325.19 136.233
323.848 136.071
321.922 135.442
320.733 135.379
319.617 135.365
318.508 135.35
317.406 135.333
316.321 135.324
315.237 135.308
314.166 135.295
313.101 135.281
312.042 135.266
310.995 135.254
309.955 135.24
308.926 135.229
307.898 135.213
306.882 135.2
305.877 135.191
304.873 135.176
303.88 135.164
302.894 135.151
301.914 135.138
300.944 135.128
299.976 135.112
298.582 134.708
296.618 133.777
293.835 132.081
289.847 129.253
287.566 127.959
286.705 127.962
285.85 127.965
285 127.967
284.16 127.973
283.321 127.975
282.491 127.981
281.663 127.982
280.843 127.988
280.025 127.989
279.216 127.994
278.408 127.995
277.609 128
276.815 128.005
276.022 128.006
275.237 128.011
260.946 123.108
259.3 122.825
258.486 122.684
257.677 122.544
256.556 122.042
255.102 121.149
254.448 121.161
253.795 121.17
252.962 120.964
252.116 120.738
251.277 120.513
250.356 120.183
249.281 119.661
248.223 119.147
247.177 118.639
246.148 118.14
245.134 117.651
244.14 117.175
243.152 116.696
242.169 116.214
241.198 115.737
240.246 115.274
239.305 114.817
233.914 112.199
231.874 111.648
231.215 111.481
230.558 111.312
229.909 111.148
202.475 96.6005
183.626 86.0832
164.453 76.9964
159.314 75.0514
141.61 67.1665
133.947 63.4128
118.953 57.4286
112.273 52.8942
95.3423 46.1966
87.1934 40.8424
76.5074 35.5704
63.1154 29.2209
45.6048 20.908
16.0081 9.42737
