363.568 1.21357
363.221 1.88286
363.053 2.55131
362.938 3.21927
362.835 3.88672
362.728 4.55351
362.6 5.2193
362.453 5.88392
362.302 6.5476
362.155 7.21056
362.004 7.8726
361.857 8.53396
361.802 9.19811
361.815 9.86491
361.88 10.5343
361.949 11.2045
362.021 11.8755
362.09 12.547
362.155 13.2189
362.231 13.8922
362.296 14.5654
362.372 15.2401
362.444 15.9153
362.512 16.5909
362.584 17.2676
362.652 17.9447
362.724 18.6229
362.799 19.3023
362.871 19.9821
362.938 20.6623
363.033 21.346
363.163 22.0342
363.297 22.724
363.434 23.4155
363.567 24.1078
363.696 24.801
363.457 25.4533
363.064 26.0865
362.676 26.7182
362.292 27.3485
361.904 27.9764
361.513 28.6019
361.134 29.2271
360.751 29.8499
360.365 30.4704
359.983 31.0896
359.605 31.7076
359.224 32.3233
358.848 32.9378
358.467 33.55
358.092 34.1611
357.712 34.7699
357.337 35.3777
356.967 35.9845
356.593 36.589
356.223 37.1925
355.85 37.7938
355.481 38.3943
355.109 38.9924
354.741 39.5898
354.378 40.1863
354.011 40.7807
353.641 41.3728
353.275 41.9641
352.914 42.5549
352.549 43.1434
352.188 43.7313
351.832 44.3186
351.465 44.9021
351.109 45.4867
350.751 46.0692
350.389 46.6495
350.031 47.2293
349.549 47.7784
349.048 48.321
348.605 48.8752
348.288 49.4581
347.975 50.041
347.681 50.6277
347.376 51.2106
347.083 51.7955
346.786 52.3786
346.486 52.9599
346.189 53.5414
345.89 54.1211
345.594 54.7009
345.303 55.281
345.008 55.8594
344.709 56.4359
344.414 57.0127
344.124 57.5898
343.852 58.1717
343.584 58.7541
343.312 59.3348
343.044 59.9161
342.472 60.4029
341.846 60.8702
341.225 61.3362
340.609 61.8007
339.991 62.2616
339.378 62.7212
338.77 63.1796
338.16 63.6343
337.555 64.0879
336.955 64.5403
336.353 64.9892
335.755 65.437
335.163 65.8837
334.619 66.3447
334.094 66.8101
333.566 67.2724
333.043 67.7341
332.525 68.1953
332.004 68.6534
331.488 69.1111
330.969 69.5657
330.448 70.0172
329.68 70.3708
328.91 70.72
328.153 71.0702
327.499 71.4575
326.878 71.855
326.269 72.2543
325.659 72.6502
325.053 73.0452
324.487 73.4539
323.926 73.8621
323.363 74.267
322.811 74.6744
322.251 75.0756
321.702 75.4794
321.151 75.88
320.598 76.2773
320.05 76.6743
319.506 77.0712
318.968 77.4678
318.427 77.8613
317.884 78.2515
317.346 78.6417
316.812 79.0317
316.277 79.4186
315.746 79.8055
315.134 80.1514
314.448 80.4588
313.768 80.7655
313.087 81.0684
312.404 81.3673
311.734 81.6689
311.062 81.9665
310.396 82.2637
309.735 82.5603
309.073 82.8531
308.416 83.1454
307.765 83.4374
307.112 83.7256
306.471 84.0168
305.823 84.3009
305.186 84.5881
304.548 84.8717
303.915 85.155
303.281 85.4348
302.652 85.7143
302.028 85.9937
301.403 86.2695
300.79 86.5487
300.169 86.8209
299.156 86.8646
297.658 86.6207
295.479 85.9693
292.924 85.0799
291.122 84.6174
289.429 84.2072
288.562 84.2812
287.703 84.3542
286.85 84.4264
286.01 84.5013
285.171 84.5719
284.344 84.6453
283.519 84.7144
282.706 84.7866
281.894 84.8545
281.095 84.9256
280.296 84.9924
279.505 85.0589
278.725 85.1287
277.946 85.1944
277.174 85.2597
276.414 85.3287
275.655 85.3936
274.863 85.4318
273.848 85.3138
272.842 85.1946
271.85 85.0783
270.866 84.961
269.896 84.8467
268.934 84.7316
267.986 84.6196
267.052 84.5109
266.126 84.4015
265.207 84.2916
264.313 84.193
263.469 84.1253
262.627 84.0535
261.798 83.9855
260.982 83.9214
260.168 83.8533
259.366 83.7892
258.566 83.7212
257.778 83.6573
256.997 83.5936
256.224 83.5302
255.457 83.467
254.698 83.4041
253.95 83.3455
253.204 83.2834
252.465 83.2217
251.732 83.1605
251.011 83.1039
250.292 83.0438
249.26 82.7208
247.796 82.0322
246.375 81.3667
245.729 81.3395
245.085 81.3091
244.452 81.2837
243.819 81.2552
243.193 81.2276
242.573 81.201
241.958 81.1755
241.349 81.1511
240.741 81.1236
240.139 81.0973
239.543 81.0721
238.952 81.048
238.363 81.021
237.779 80.9953
237.2 80.9707
236.627 80.9475
236.055 80.9213
235.488 80.8964
234.927 80.8729
234.37 80.8507
233.815 80.8257
233.265 80.8021
232.716 80.7757
232.176 80.7549
231.638 80.7314
231.104 80.7093
230.571 80.6844
230.043 80.6611
229.52 80.6393
229.002 80.6189
228.484 80.5959
227.972 80.5745
227.46 80.5504
226.953 80.5278
226.451 80.5069
225.953 80.4875
225.456 80.4655
224.999 80.483
223.691 80.0853
223.151 80.0024
222.4 79.6855
221.36 79.0459
220.336 78.4122
219.421 77.8896
218.528 77.3813
217.649 76.8791
216.79 76.3913
215.941 75.9055
215.112 75.4341
214.296 74.969
213.537 74.5606
213.118 74.5414
212.7 74.5199
212.285 74.5003
211.875 74.4826
211.465 74.4626
211.055 74.4403
210.649 74.42
210.247 74.4016
209.846 74.3809
209.448 74.3622
209.053 74.3454
208.656 74.3221
208.266 74.305
207.876 74.2856
207.489 74.2682
207.103 74.2485
206.72 74.2307
206.338 74.2107
205.959 74.1926
205.58 74.1723
205.205 74.154
204.833 74.1375
204.461 74.1188
204.092 74.1021
203.724 74.0831
203.358 74.066
202.993 74.0467
187.988 70.2075
181.619 68.3063
176.313 67.5786
157.508 60.6911
153.711 60.4766
149.97 60.2976
143.638 51.1765
137.14 50.9976
130.258 50.8081
115.994 47.7752
111.985 41.4613
105.962 37.4153
92.8343 37.264
78.7983 34.4928
48.3964 20.3756
26.0742 8.79426
