382.04 1.23204
381.372 1.95802
380.708 2.67986
380.048 3.3976
380.44 4.1255
380.843 4.85612
380.578 5.57608
380.156 6.29088
379.731 7.00302
379.309 7.71272
379.331 8.43428
379.54 9.16278
379.745 9.89259
379.721 10.6143
379.646 11.3337
379.574 12.0531
379.506 12.7724
379.433 13.4912
379.364 14.2101
379.299 14.929
379.23 15.6475
379.172 16.3666
379.23 17.0938
379.275 17.8207
379.331 18.5491
379.375 19.2773
379.431 20.007
379.482 20.7371
379.529 21.4675
379.579 22.1989
379.633 22.9314
379.682 23.6643
379.734 24.3982
379.767 25.1308
379.731 25.8568
379.691 26.5825
379.647 27.308
379.606 28.0342
379.569 28.7611
379.527 29.4877
379.489 30.2151
379.446 30.9422
379.407 31.6701
379.371 32.3989
379.331 33.1274
379.286 33.8557
379.245 34.5848
379.207 35.3149
379.321 36.0687
379.461 36.828
379.605 37.5894
379.743 38.3517
379.877 39.1149
380.021 39.8814
380.16 40.6489
380.303 41.4186
380.44 42.1891
380.58 42.9618
380.723 43.7368
380.86 44.5127
381.008 45.2923
381.151 46.0728
381.289 46.8542
381.437 47.6394
381.58 48.4255
381.718 49.2125
381.866 50.0035
381.487 50.6835
381.105 51.3611
380.726 52.0382
380.351 52.7146
379.98 53.3904
379.605 54.064
379.507 54.8013
379.412 55.5397
379.32 56.2793
379.231 57.0201
379.137 57.7604
379.046 58.5019
378.95 59.2428
378.857 59.985
378.752 60.7246
378.642 61.4635
378.527 62.2017
378.415 62.9411
378.305 63.6818
378.198 64.4239
378.087 65.1652
378.171 65.9628
378.546 66.8463
378.93 67.7362
379.307 68.6282
379.692 69.5266
379.776 70.3382
379.53 71.0514
379.28 71.763
379.033 72.4753
378.789 73.1884
378.547 73.9022
378.301 74.6145
378.065 75.3299
377.825 76.0437
377.586 76.7585
377.344 77.4716
377.104 78.1857
376.866 78.9006
376.631 79.6165
376.37 80.3233
376.083 81.0208
375.792 81.7164
375.51 82.4153
375.216 83.1098
374.933 83.8076
374.644 84.5035
374.464 85.24
374.413 86.0258
374.364 86.8138
374.316 87.6039
374.269 88.3961
374.223 89.1904
374.172 89.9842
373.698 90.6103
373.22 91.2335
372.739 91.8537
372.26 92.4738
371.785 93.0938
371.313 93.7137
370.837 94.3307
370.357 94.9448
369.888 95.5617
369.441 96.1875
369.269 96.932
369.091 97.6752
368.915 98.4199
368.74 99.1662
368.559 99.911
368.18 100.566
367.769 101.206
367.354 101.843
366.948 102.484
366.538 103.123
366.131 103.761
365.719 104.397
365.316 105.037
364.902 105.671
364.497 106.308
364.088 106.943
363.914 107.695
363.916 108.536
363.924 109.383
363.796 110.164
363.33 110.771
362.859 111.376
362.391 111.981
361.925 112.586
361.455 113.189
361 113.798
360.56 114.414
360.115 115.028
359.673 115.641
359.233 116.256
358.788 116.867
358.345 117.478
357.904 118.091
357.466 118.703
357.022 119.313
356.581 119.923
356.141 120.533
355.704 121.144
355.261 121.752
354.821 122.36
354.382 122.969
353.945 123.578
353.509 124.188
353.069 124.795
352.423 125.275
351.781 125.755
351.2 126.271
350.627 126.79
350.051 127.306
349.314 127.718
348.569 128.122
347.829 128.525
347.091 128.928
346.352 129.326
345.621 129.727
344.889 130.124
344.159 130.52
343.434 130.916
342.706 131.307
341.987 131.702
341.399 132.183
340.836 132.68
340.269 133.173
339.704 133.666
339.142 134.159
338.581 134.651
337.924 135.075
337.027 135.323
336.134 135.57
335.246 135.815
334.362 136.06
333.478 136.3
332.603 136.542
331.733 136.784
330.868 137.024
330.006 137.264
329.144 137.498
328.292 137.736
327.444 137.973
326.595 138.205
325.755 138.44
324.879 138.642
323.683 138.586
322.5 138.533
321.33 138.482
320.166 138.429
319.015 138.378
317.871 138.326
316.739 138.277
315.614 138.226
314.501 138.177
313.395 138.127
312.301 138.08
311.185 138.007
310.009 137.876
308.846 137.747
307.69 137.616
306.547 137.489
305.416 137.364
304.292 137.238
303.18 137.115
302.076 136.99
300.983 136.869
299.898 136.747
298.824 136.628
297.771 136.52
296.734 136.42
295.704 136.319
294.681 136.217
293.668 136.119
292.662 136.02
291.663 135.92
290.675 135.824
289.693 135.727
288.721 135.634
287.752 135.536
286.794 135.441
285.845 135.351
284.899 135.256
283.963 135.164
283.033 135.072
282.117 134.989
281.232 134.93
280.353 134.87
279.479 134.811
278.614 134.755
277.751 134.696
276.897 134.64
276.048 134.584
275.205 134.527
274.018 134.097
272.458 133.253
271.33 132.864
270.331 132.605
269.366 132.375
268.423 132.163
267.487 131.95
266.557 131.738
265.638 131.53
264.729 131.326
263.822 131.118
262.929 130.918
262.039 130.715
261.159 130.516
260.285 130.317
259.421 130.123
258.563 129.929
257.71 129.735
256.864 129.542
256.027 129.353
255.196 129.164
254.374 128.98
253.554 128.792
252.744 128.609
251.938 128.427
251.142 128.248
250.348 128.067
249.563 127.889
248.783 127.713
248.008 127.536
247.238 127.361
246.474 127.186
245.715 127.011
244.905 126.762
244.006 126.389
243.118 126.021
242.241 125.658
241.37 125.296
240.331 124.694
238.923 123.572
225.963 120.878
212.876 115.55
201.84 111.348
192.483 108.496
183.841 105.366
175.991 102.472
168.815 99.9306
162.128 97.421
155.879 95.2189
149.954 93.2501
138.772 89.5504
128.101 86.1415
117.507 82.976
106.643 79.8026
96.1252 75.1056
84.0727 71.1688
70.0352 67.123
53.4348 62.2578
28.2804 58.2561
7.31869 47.3442
