991.2 30.8289473684
932.468421053 27.3157894737
881.8 24.4583333333
760.194285714 18.2285714286
658.0 13.6890243902
605.8 11.6105263158
514.108080808 8.38383838384
433.072 6.0
374.630967742 4.75322580645
354.517647059 4.36274509804
329.5 3.75503355705
301.0 3.13235752102
277.0 2.66510660426
190.151057165 1.38841033673
167.5 1.14854753521
153.2 0.974751066856
129.5 0.790558510638
111.571502591 0.5
115.736168674 0.444149096453
136.322316482 0.221074633503
167.5 0.110373562558
177.78183709 0.0814413635309
192.297608838 0.0560004509277
191.300195576 0.0
