991.2 169.452380952
979.705454545 168.718181818
963.831707317 167.390243902
959.6 166.833333333
952.155555556 165.888888889
939.0 163.636363636
936.0 163.0
932.633333333 162.333333333
916.329411765 157.882352941
908.979411765 155.661764706
905.416 154.5
899.203333333 152.591666667
894.103703704 151.0
886.5 148.5625
883.948571429 147.771428571
860.666666667 140.5
841.133333333 134.5
834.2 132.444444444
824.517647059 129.470588235
814.360714286 126.5
781.8 116.909090909
768.283333333 113.083333333
724.8 101.0
695.452830189 93.2169811321
655.6 83.0
646.855 80.825
626.366666667 75.8333333333
571.192857143 63.1071428571
551.79 58.85
519.180487805 52.0
508.113846154 49.7538461538
499.310344828 48.0
489.063636364 46.0
465.456521739 41.5
420.752941176 33.5
377.0 26.3289473684
348.575806452 22.0
305.8 15.9545454545
260.192592593 10.0
238.55862069 7.5
227.898901099 6.5
215.2 5.66666666667
210.5 5.43693693694
190.547568523 4.93059239611
166.095523223 4.64941242306
154.892 4.32375
132.080604663 2.72546758903
129.410191083 2.5
116.543539139 1.8600480064
108.692307692 1.5
78.9569380815 1.29400651773
67.5 1.0
58.0 0.80994625635
50.0796511628 0.5
54.1767280819 0.402449675589
62.75 0.217339299407
72.25 0.128057556104
77.0 0.100955205168
91.2567355721 0.0
91.2567355721 0.0
