991.2 368.103401392
989.23026617 366.262446845
983.780233513 365.81341786
979.68503291 361.935753124
977.0 361.75157616
928.720045446 334.468218387
921.629487179 326.389474773
918.275710258 322.77315116
910.279992823 314.753603684
903.026139151 307.974248096
897.52474395 303.047312608
891.2 297.566152889
889.709715103 297.379365836
883.112617939 291.671342307
880.468590813 291.383914013
873.336892941 285.264757111
871.092847769 285.070209974
863.700208189 278.421582235
862.8 278.355301147
848.769555833 269.291548336
838.798401892 259.103829066
832.591812865 253.277369781
828.455555556 249.5
824.8 247.625
823.257142857 246.839285714
816.4 243.375
813.123255814 241.720930233
809.660714286 239.910714286
805.962068966 238.017241379
803.933333333 237.0
798.852054795 234.5
794.546341463 232.329268293
791.2 230.642857143
787.675 228.875
781.962068966 226.017241379
770.502777778 220.5
753.2 212.333333333
750.327777778 211.0
745.536956522 208.815217391
726.284210526 200.5
712.0 194.840425532
704.502702703 192.0
701.0 190.772727273
692.675268817 187.924731183
676.616 182.96
665.62 180.0
652.080952381 176.880952381
643.8 175.229166667
636.655813953 174.0
627.585185185 172.703703704
624.8 172.369565217
620.0 171.901639344
612.85 171.25
601.0 169.703125
594.130841121 168.5
587.741509434 167.0
584.194339623 166.0
577.608450704 163.936619718
574.145945946 162.702702703
572.285714286 162.0
563.555357143 158.5
553.885714286 154.5
531.363793103 145.0
524.294736842 142.0
517.655813953 139.255813953
509.019178082 135.657534247
459.731147541 115.5
455.353846154 113.775641026
452.198360656 112.5
446.763043478 110.315217391
439.675 107.5
399.894736842 92.0
393.215602837 89.5
386.5 86.9210526316
358.564705882 76.5588235294
318.926315789 62.5
310.5 59.6041666667
284.631325301 51.0
272.089411765 47.0
242.462295082 37.8606557377
215.106 30.0
202.340540541 26.5
194.688135593 24.5
192.846721311 24.0
184.485714286 21.7857142857
162.8 16.3421052632
131.530864198 9.0
124.010958904 7.41780821918
118.648275862 6.5
110.333628319 5.48230088496
101.0 4.96626420455
91.25 4.77436527437
81.75 4.43248175182
77.7720848057 4.0
66.8792984869 2.5
62.6094674556 2.0
55.8514355363 1.5
43.75 1.35165017873
25.0570707071 0.5
31.0572483729 0.163920881358
43.75 0.0681194437447
44.1981839055 0.0471772532069
91.2567321145 0.0
91.2567321145 0.0
