991.2 104.833333333
965.541666667 99.7083333333
952.26 97.1
939.0 94.5
899.432 87.0
841.215384615 76.5
807.509090909 70.6818181818
795.904 68.76
781.8 66.3947368421
712.622580645 55.5
691.2 52.3260869565
661.247058824 48.0
632.264705882 44.0
613.588571429 41.5
594.294736842 39.0
566.356756757 35.5
529.5 31.1216216216
510.5 28.9756097561
481.8 25.8695652174
411.741509434 19.0
358.0 14.421686747
286.5 9.296
262.8 7.84640522876
238.454545455 6.5
205.60990099 5.0
189.227678571 4.5
131.457754801 2.2082717873
97.7858832808 1.33517350158
86.5 1.11551345732
81.6065873742 0.984903934126
67.5 0.781852757403
58.5680661578 0.5
63.8236335588 0.386985941182
73.9529502537 0.179257921444
91.25 0.0948295610496
91.3496862229 0.0
91.3496862229 0.0
