1.1889 1.43842e-39
1.78372 1.96865e-39
2.38088 2.34867e-39
2.98351 2.62099e-39
3.59337 2.81791e-39
4.20895 2.96545e-39
4.8303 3.0771e-39
5.44405 3.18128e-39
6.05395 3.27418e-39
6.66488 3.35217e-39
7.27697 3.41824e-39
7.88951 3.47543e-39
8.503 3.52488e-39
9.11751 3.56788e-39
9.73272 3.60577e-39
10.3428 3.64406e-39
10.9476 3.68296e-39
11.5524 3.7183e-39
12.1561 3.75148e-39
12.7599 3.7818e-39
13.3626 3.8106e-39
13.9651 3.83744e-39
14.5758 3.85736e-39
15.1866 3.87602e-39
15.798 3.89313e-39
16.4094 3.90921e-39
17.0209 3.92436e-39
17.6338 3.93801e-39
18.246 3.9513e-39
18.859 3.96362e-39
19.4728 3.97498e-39
20.0866 3.98589e-39
20.7005 3.99632e-39
21.3152 4.00596e-39
21.93 4.01531e-39
22.5457 4.02395e-39
23.1623 4.03196e-39
23.7781 4.0401e-39
24.3958 4.04731e-39
25.0126 4.05471e-39
25.6184 4.06591e-39
26.2236 4.07697e-39
26.8292 4.08762e-39
27.4344 4.09816e-39
28.04 4.10828e-39
28.6451 4.11832e-39
29.2508 4.12802e-39
29.8559 4.13767e-39
30.4604 4.14727e-39
31.0668 4.15619e-39
31.6715 4.16546e-39
32.2768 4.17445e-39
32.8854 4.18228e-39
33.5015 4.18797e-39
34.1174 4.19366e-39
34.7344 4.19903e-39
35.3513 4.20446e-39
35.9693 4.20962e-39
36.5872 4.21481e-39
37.2063 4.21971e-39
37.8268 4.2243e-39
38.4455 4.22942e-39
39.0671 4.23382e-39
39.6884 4.23836e-39
40.3096 4.24297e-39
40.9322 4.24735e-39
41.5546 4.25179e-39
42.1783 4.25602e-39
42.8019 4.26036e-39
43.4269 4.26444e-39
44.0535 4.2683e-39
44.6798 4.27225e-39
45.3059 4.27638e-39
45.9336 4.28026e-39
46.561 4.28427e-39
47.1919 4.28769e-39
47.8207 4.29165e-39
48.4511 4.29536e-39
49.0831 4.29887e-39
49.715 4.30248e-39
50.3718 4.30149e-39
51.0485 4.29688e-39
51.7259 4.29247e-39
52.406 4.28788e-39
53.0888 4.28315e-39
53.7743 4.27824e-39
54.4606 4.2735e-39
55.1517 4.26827e-39
55.8415 4.26361e-39
56.5361 4.25838e-39
57.238 4.25234e-39
57.9908 4.23823e-39
58.7475 4.22399e-39
59.506 4.21013e-39
60.21 4.20539e-39
60.8015 4.21855e-39
61.3914 4.23199e-39
61.982 4.24525e-39
62.5712 4.25868e-39
63.1634 4.27166e-39
63.7542 4.2848e-39
64.3434 4.29818e-39
64.9335 4.31143e-39
65.5245 4.32451e-39
66.1139 4.33782e-39
66.7043 4.35096e-39
67.2932 4.36438e-39
67.883 4.37757e-39
68.4713 4.39105e-39
69.0606 4.40436e-39
69.6484 4.41791e-39
70.2604 4.42804e-39
70.9079 4.43322e-39
71.5573 4.4383e-39
72.2086 4.44325e-39
72.8593 4.44841e-39
73.5093 4.45376e-39
74.164 4.45864e-39
74.8561 4.45867e-39
75.5563 4.45785e-39
76.2564 4.45733e-39
76.9592 4.45664e-39
77.6645 4.45589e-39
78.3726 4.45501e-39
79.0805 4.45443e-39
79.791 4.45369e-39
80.4323 4.46186e-39
81.0436 4.4738e-39
81.6563 4.48561e-39
82.2676 4.4977e-39
82.8802 4.50967e-39
83.4943 4.52151e-39
84.1069 4.53364e-39
84.7209 4.54569e-39
85.3696 4.55366e-39
86.1355 4.54792e-39
86.9047 4.54212e-39
87.6801 4.536e-39
88.4557 4.53015e-39
89.2345 4.52434e-39
90.0134 4.5188e-39
90.6512 4.52935e-39
91.2875 4.54018e-39
91.9255 4.55087e-39
92.5652 4.56153e-39
93.2066 4.57211e-39
93.8464 4.58292e-39
94.4879 4.59371e-39
95.1311 4.60441e-39
95.8283 4.60944e-39
96.5277 4.61446e-39
97.2293 4.61938e-39
97.9298 4.62462e-39
98.6359 4.62948e-39
99.3408 4.63461e-39
100.041 4.64039e-39
100.629 4.65792e-39
101.218 4.67541e-39
101.809 4.69287e-39
102.397 4.71062e-39
102.986 4.72834e-39
103.576 4.74602e-39
104.22 4.75847e-39
104.92 4.76525e-39
105.623 4.77208e-39
106.324 4.77915e-39
107.031 4.78594e-39
107.737 4.79302e-39
108.448 4.79977e-39
109.157 4.80681e-39
109.869 4.81391e-39
110.45 4.83372e-39
110.996 4.85698e-39
111.543 4.88031e-39
112.09 4.90361e-39
112.639 4.92698e-39
113.185 4.95067e-39
113.735 4.97407e-39
114.279 4.99821e-39
114.827 5.02201e-39
115.373 5.04619e-39
115.919 5.07038e-39
116.466 5.09465e-39
117.01 5.11932e-39
117.559 5.14369e-39
118.101 5.16877e-39
118.648 5.19355e-39
119.195 5.21841e-39
119.74 5.24368e-39
120.285 5.26896e-39
120.828 5.29472e-39
121.375 5.32017e-39
121.918 5.34604e-39
122.364 5.38139e-39
122.64 5.43299e-39
122.915 5.48494e-39
123.186 5.53757e-39
123.461 5.59015e-39
123.731 5.64341e-39
124 5.69702e-39
124.269 5.75099e-39
124.538 5.80522e-39
124.802 5.86024e-39
125.03 5.91917e-39
125.148 5.98958e-39
125.264 6.06051e-39
125.38 6.13218e-39
125.494 6.20435e-39
125.612 6.27678e-39
125.724 6.35019e-39
125.836 6.42426e-39
125.947 6.499e-39
126.062 6.57389e-39
126.171 6.64977e-39
126.28 6.7263e-39
126.392 6.80306e-39
126.499 6.88082e-39
126.61 6.95887e-39
126.716 7.03794e-39
126.822 7.11757e-39
126.931 7.19747e-39
127.036 7.27849e-39
127.14 7.36006e-39
126.901 7.48248e-39
125.612 7.83062e-39
125.626 7.92735e-39
125.639 8.02503e-39
125.652 8.12367e-39
125.668 8.22248e-39
125.68 8.32279e-39
125.691 8.42394e-39
125.706 8.52533e-39
125.717 8.62826e-39
125.731 8.73153e-39
125.745 8.83561e-39
125.755 8.94111e-39
125.768 9.04693e-39
125.781 9.15368e-39
125.794 9.26122e-39
125.803 9.37034e-39
125.816 9.4796e-39
125.828 9.58991e-39
125.841 9.70113e-39
125.853 9.81313e-39
125.865 9.92604e-39
125.878 1.004e-38
125.89 1.01547e-38
125.898 1.02711e-38
125.91 1.03876e-38
126.035 1.0488e-38
95.7696 3.57659e-38
85.7764 5.24162e-38
66.9169 1.46772e-37
63.1759 1.82885e-37
61.0294 2.32239e-37
57.176 2.92306e-37
52.77 3.67879e-37
50.8014 5.16108e-37
46.0424 7.00565e-37
40.5842 9.85439e-37
35.3493 1.64171e-36
29.1146 3.51908e-36
20.7826 1.21409e-35
9.39779 6.8108e-34
