1.19277 4.79509e-41
1.79757 6.61915e-41
2.40289 7.92569e-41
3.01252 8.86497e-41
3.62494 9.57305e-41
4.24008 1.01199e-40
4.85808 1.05497e-40
5.45876 1.09919e-40
6.04998 1.14066e-40
6.63703 1.17775e-40
7.21997 1.21141e-40
7.79915 1.2422e-40
8.38457 1.26712e-40
8.98614 1.28385e-40
9.58792 1.29877e-40
10.1872 1.31294e-40
10.7801 1.32758e-40
11.3721 1.34117e-40
11.9631 1.35385e-40
12.5536 1.36565e-40
13.1437 1.37666e-40
13.7322 1.3872e-40
14.3209 1.39697e-40
14.908 1.40642e-40
15.4954 1.41524e-40
16.0812 1.42383e-40
16.6752 1.43031e-40
17.2928 1.432e-40
17.9118 1.43342e-40
18.5329 1.43445e-40
19.1554 1.43526e-40
19.78 1.43574e-40
20.4068 1.4359e-40
21.035 1.43592e-40
21.6655 1.43568e-40
22.2974 1.4353e-40
22.9315 1.43469e-40
23.568 1.43388e-40
24.2059 1.43296e-40
24.8453 1.432e-40
25.4097 1.4407e-40
25.9462 1.45268e-40
26.4801 1.46458e-40
27.0115 1.47643e-40
27.5394 1.48834e-40
28.0649 1.50019e-40
28.588 1.51199e-40
29.1089 1.52374e-40
29.6263 1.53558e-40
30.1414 1.54737e-40
30.6544 1.55912e-40
31.1641 1.57095e-40
31.6716 1.58274e-40
32.177 1.59448e-40
32.6792 1.60632e-40
33.1793 1.61813e-40
33.7137 1.62603e-40
34.2544 1.6331e-40
34.7934 1.64022e-40
35.3305 1.64739e-40
35.8674 1.65448e-40
36.4024 1.6616e-40
36.9372 1.66864e-40
37.4717 1.67558e-40
38.0029 1.68276e-40
38.5356 1.68965e-40
39.0648 1.69679e-40
39.5955 1.70368e-40
40.1229 1.71078e-40
40.6518 1.71765e-40
41.1773 1.72473e-40
41.7028 1.73174e-40
42.2282 1.73864e-40
42.7519 1.74562e-40
43.2757 1.75253e-40
43.7978 1.7595e-40
44.3181 1.76655e-40
44.8386 1.77351e-40
45.3573 1.78056e-40
45.8762 1.7875e-40
46.3934 1.79453e-40
46.9108 1.8015e-40
47.4265 1.80852e-40
47.9424 1.81547e-40
48.4567 1.8225e-40
48.9856 1.8283e-40
49.5132 1.83416e-40
50.0393 1.84011e-40
50.5555 1.84681e-40
51.1172 1.8499e-40
51.6802 1.85291e-40
52.2426 1.856e-40
52.8043 1.85916e-40
53.3676 1.86221e-40
53.93 1.86537e-40
54.4941 1.86841e-40
55.0574 1.87154e-40
55.6223 1.87459e-40
56.1864 1.8777e-40
56.7522 1.88073e-40
57.3172 1.88385e-40
57.8838 1.88688e-40
58.4522 1.88983e-40
59.0173 1.89301e-40
59.5866 1.89595e-40
60.1131 1.90184e-40
60.5311 1.91502e-40
60.9458 1.92836e-40
61.3599 1.94172e-40
61.7708 1.9552e-40
62.181 1.96867e-40
62.5908 1.98215e-40
62.9973 1.99576e-40
63.4034 2.00935e-40
63.8064 2.02311e-40
64.2089 2.03684e-40
64.611 2.05056e-40
65.01 2.06444e-40
65.406 2.07847e-40
65.8016 2.09252e-40
66.2495 2.103e-40
66.709 2.11272e-40
67.1635 2.12272e-40
67.6187 2.13267e-40
68.0745 2.14257e-40
68.5282 2.15259e-40
68.9826 2.16256e-40
69.4348 2.17264e-40
69.8878 2.18265e-40
70.2566 2.19813e-40
70.5957 2.21551e-40
70.9342 2.23288e-40
71.2693 2.25048e-40
71.604 2.2681e-40
71.9382 2.28571e-40
72.269 2.30355e-40
72.5994 2.3214e-40
72.9265 2.33942e-40
73.2532 2.35749e-40
73.5797 2.37558e-40
73.9029 2.39386e-40
74.2258 2.41216e-40
74.5486 2.43044e-40
74.8681 2.44895e-40
75.1875 2.46747e-40
75.5036 2.48623e-40
75.8197 2.50496e-40
76.1325 2.52393e-40
76.4453 2.54291e-40
76.6112 2.57172e-40
76.7495 2.60244e-40
76.8896 2.63317e-40
77.025 2.66435e-40
77.1623 2.69548e-40
77.295 2.72706e-40
77.4297 2.75859e-40
77.5733 2.78962e-40
77.726 2.82009e-40
77.8813 2.85048e-40
78.0322 2.88127e-40
78.1824 2.91223e-40
78.3284 2.94357e-40
78.4771 2.97483e-40
78.6251 3.00622e-40
78.769 3.03802e-40
78.9124 3.06997e-40
79.0552 3.10205e-40
79.1976 3.13428e-40
79.3395 3.16666e-40
79.481 3.19914e-40
79.6186 3.23208e-40
79.7594 3.26484e-40
79.8964 3.29802e-40
80.0152 3.33274e-40
80.083 3.37152e-40
80.1501 3.41058e-40
80.2131 3.45011e-40
80.2791 3.4896e-40
80.3447 3.52931e-40
80.4099 3.56927e-40
80.471 3.60968e-40
80.3355 3.66654e-40
80.2579 3.71902e-40
80.1829 3.77172e-40
80.1069 3.82485e-40
80.03 3.87846e-40
79.8506 3.94138e-40
79.6019 4.01107e-40
79.3552 4.08133e-40
79.1145 4.15183e-40
78.8799 4.22252e-40
78.6439 4.29407e-40
78.4142 4.36576e-40
78.1871 4.43793e-40
77.9665 4.51022e-40
77.745 4.58335e-40
77.5302 4.65646e-40
77.3146 4.73037e-40
77.3313 4.7811e-40
77.3951 4.82721e-40
77.4557 4.87388e-40
77.517 4.92057e-40
77.5752 4.96789e-40
77.638 5.01484e-40
77.6976 5.06234e-40
77.7542 5.11032e-40
77.8155 5.15805e-40
77.8737 5.20626e-40
77.9289 5.25494e-40
77.9332 5.30937e-40
77.8705 5.37148e-40
77.8122 5.43336e-40
77.7506 5.49596e-40
77.6895 5.55892e-40
77.6331 5.6217e-40
77.5733 5.68517e-40
77.5143 5.74898e-40
77.456 5.81303e-40
77.3986 5.87739e-40
77.3419 5.94196e-40
77.2861 6.00673e-40
77.2313 6.07178e-40
77.1773 6.1371e-40
77.1244 6.20269e-40
77.0683 6.26894e-40
77.0133 6.33533e-40
76.9635 6.40155e-40
76.9106 6.46851e-40
76.8589 6.53559e-40
76.8043 6.60342e-40
76.7549 6.6709e-40
76.7026 6.73912e-40
76.6516 6.80752e-40
76.6018 6.87609e-40
76.5575 6.94435e-40
76.5228 7.01168e-40
76.4895 7.07909e-40
76.4575 7.1467e-40
76.427 7.21438e-40
76.3938 7.28285e-40
76.362 7.35137e-40
76.3317 7.41993e-40
76.2988 7.48929e-40
76.2674 7.55866e-40
76.2375 7.62818e-40
76.205 7.69849e-40
76.1741 7.7688e-40
76.1448 7.83922e-40
76.117 7.90961e-40
76.0868 7.98078e-40
75.9785 8.0633e-40
75.6328 8.17992e-40
74.9528 8.34578e-40
73.938 8.56375e-40
73.2895 8.73076e-40
72.6549 8.89799e-40
72.4082 9.00709e-40
72.3861 9.08172e-40
72.3659 9.15645e-40
72.3475 9.23111e-40
72.3268 9.30652e-40
72.3081 9.38184e-40
72.287 9.45793e-40
72.2678 9.5339e-40
72.2463 9.61063e-40
72.2268 9.68725e-40
72.2092 9.7639e-40
72.1893 9.8413e-40
72.1714 9.91856e-40
72.1512 9.99656e-40
72.133 1.00746e-39
72.1126 1.01532e-39
72.0941 1.02319e-39
72.0776 1.03105e-39
72.0589 1.03898e-39
72.0379 1.04697e-39
72.0232 1.0549e-39
72.002 1.06296e-39
71.9871 1.07094e-39
71.9657 1.07907e-39
71.9505 1.08713e-39
71.9332 1.09525e-39
71.9136 1.10345e-39
71.8961 1.11163e-39
71.8805 1.11981e-39
71.8628 1.12806e-39
71.8429 1.13639e-39
71.8292 1.14464e-39
71.8092 1.15302e-39
71.7953 1.16134e-39
71.7751 1.16981e-39
71.761 1.17818e-39
71.7448 1.18665e-39
71.7264 1.19517e-39
71.7101 1.20369e-39
71.6957 1.2122e-39
71.6792 1.22078e-39
71.6605 1.22946e-39
71.6438 1.2381e-39
71.6291 1.24676e-39
71.6122 1.2555e-39
69.491 1.47026e-39
65.3226 1.7415e-39
65.0818 1.95134e-39
64.8559 2.17716e-39
60.692 2.49081e-39
60.5011 2.74809e-39
60.3183 3.02781e-39
60.1605 3.33392e-39
59.5751 3.67374e-39
58.7751 4.04653e-39
50.8393 4.77955e-39
50.6636 5.7436e-39
50.4766 7.04543e-39
49.6454 8.82409e-39
42.2255 9.7417e-39
36.5725 1.08743e-38
35.6136 1.46663e-38
35.6887 2.43018e-38
33.954 4.89841e-38
20.3181 3.43251e-37
8.7697 3.5149e-36
