136.47682094670472 1.667141338853412
155.8392783130381 18.69386422523081
206.57131544398055 30.659076542626735
276.5572142068228 43.57108621204651
332.3705592101454 57.932814204044206
376.0325277799003 73.02287456845355
434.9076241615089 90.74250307379188
490.76473162497655 111.58420105724548
540.5437196238744 132.4300668940462
587.2641979082007 150.39802999465127
640.0611748252396 168.12182635333673
714.1007740629856 181.27105634243085
754.6718162810246 188.68323619919562
876.5680969350071 238.03965017817575

