322.7693096120211 1.3373798732439468
334.92679555413446 16.792121941586913
377.7774904556824 26.922263178680907
443.1149267485378 36.32000733454953
524.8241588776257 42.57200552912195
584.0055103153854 55.59506234367069
659.5520753013745 66.4385590431234
704.4432794839486 77.05108795817424
757.5113309386343 87.41924943110226
805.4583623267447 99.47999924773848
849.3243751528028 110.57597370846108
909.5095255110675 126.2556889774886
963.5830214582586 139.03896244334533
997.2382600191825 148.93073082203375

