379.4445847818156 0.5229571890825468
384.5352226753114 7.4371789782637165
391.64832256745217 15.066219190934987
401.7782749730351 21.26351749606053
429.0293866454957 23.163184295045312
465.35190598198074 23.86777813864532
496.63029923937154 24.573875596935068
525.8878343537866 24.803627921523344
562.2087498346024 25.269748475334723
598.5360807380944 26.689762188300676
632.8425534986105 27.633430767565216
682.2814044964092 28.572588502760652
739.7844417980825 28.55544729529791
807.3757312579442 28.535298858455747
888.0833523791193 28.749714313208955
955.6810572616571 29.683459035521395
1001.0813996848424 30.14687308289129

